5 1 2 3 4 10 6 7 8 9 15 11 12 13 0 20 16 17 18 14 21 22 23 24 19
1 2 7 3 4 5 6 8 9 14 10 11 12 13 0 15 16 17 18 19 20 21 22 23 24
1 2 3 4 6 7 8 14 10 11 12 13 0 15 16 17 18 9 5 19 20 21 22 23 24
5 1 2 3 4 6 7 8 9 14 10 11 12 13 19 15 16 17 18 24 20 21 22 23 0
1 6 2 3 4 5 11 7 8 9 10 12 17 13 0 15 16 18 19 14 20 21 22 23 24
5 1 2 4 9 6 7 8 3 14 10 11 12 13 0 15 16 17 18 19 20 21 22 23 24
5 2 3 4 0 6 1 7 8 9 10 11 12 13 14 15 16 17 18 19 20 21 22 23 24
1 2 3 8 4 5 6 7 9 14 10 11 12 13 19 15 16 17 18 24 20 21 22 23 0
5 2 7 3 4 6 1 8 13 9 10 11 12 18 0 15 16 17 19 14 20 21 22 23 24
5 2 3 8 4 6 1 7 13 9 10 11 12 18 0 15 16 17 19 14 20 21 22 23 24
3 17 9 8 24 1 11 12 14 0 5 4 22 13 16 21 15 6 7 10 20 23 2 18 19
