-0 00 0 0 0
-1 00 0 1 1
-2 00 0 2 2
-3 00 0 3 3
-4 00 0 4 4
-5 00 0 5 5
-6 00 0 6 6
-7 00 0 7 7
8 00 0 8 8
-9 00 1 0 9
-10 00 1 1 10
-11 00 1 2 11
-12 00 1 3 12
-13 00 1 4 13
14 00 1 5 14
-15 00 1 6 15
-16 00 1 7 16
-17 00 1 8 17
18 00 2 0 18
-19 00 2 1 19
-20 00 2 2 20
-21 00 2 3 21
-22 00 2 4 22
-23 00 2 5 23
-24 00 2 6 24
-25 00 2 7 25
-26 00 2 8 26
27 00 3 0 27
-28 00 3 1 28
-29 00 3 2 29
-30 00 3 3 30
-31 00 3 4 31
-32 00 3 5 32
-33 00 3 6 33
-34 00 3 7 34
-35 00 3 8 35
36 00 4 0 36
-37 00 4 1 37
-38 00 4 2 38
-39 00 4 3 39
-40 00 4 4 40
-41 00 4 5 41
-42 00 4 6 42
-43 00 4 7 43
-44 00 4 8 44
-45 00 5 0 45
-46 00 5 1 46
47 00 5 2 47
-48 00 5 3 48
-49 00 5 4 49
-50 00 5 5 50
-51 00 5 6 51
-52 00 5 7 52
-53 00 5 8 53
-54 00 6 0 54
-55 00 6 1 55
-56 00 6 2 56
-57 00 6 3 57
58 00 6 4 58
-59 00 6 5 59
-60 00 6 6 60
-61 00 6 7 61
-62 00 6 8 62
63 00 7 0 63
-64 00 7 1 64
-65 00 7 2 65
-66 00 7 3 66
-67 00 7 4 67
-68 00 7 5 68
-69 00 7 6 69
-70 00 7 7 70
-71 00 7 8 71
72 00 8 0 72
-73 00 8 1 73
-74 00 8 2 74
-75 00 8 3 75
-76 00 8 4 76
-77 00 8 5 77
-78 00 8 6 78
-79 00 8 7 79
-80 00 8 8 80
-81 01 0 0 81
-82 01 0 1 82
-83 01 0 2 83
-84 01 0 3 84
-85 01 0 4 85
-86 01 0 5 86
-87 01 0 6 87
88 01 0 7 88
-89 01 0 8 89
-90 01 1 0 90
-91 01 1 1 91
92 01 1 2 92
-93 01 1 3 93
-94 01 1 4 94
-95 01 1 5 95
-96 01 1 6 96
-97 01 1 7 97
-98 01 1 8 98
99 01 2 0 99
-100 01 2 1 100
-101 01 2 2 101
-102 01 2 3 102
-103 01 2 4 103
-104 01 2 5 104
-105 01 2 6 105
-106 01 2 7 106
-107 01 2 8 107
108 01 3 0 108
-109 01 3 1 109
-110 01 3 2 110
-111 01 3 3 111
-112 01 3 4 112
-113 01 3 5 113
-114 01 3 6 114
-115 01 3 7 115
-116 01 3 8 116
117 01 4 0 117
-118 01 4 1 118
-119 01 4 2 119
-120 01 4 3 120
-121 01 4 4 121
-122 01 4 5 122
-123 01 4 6 123
-124 01 4 7 124
-125 01 4 8 125
126 01 5 0 126
-127 01 5 1 127
-128 01 5 2 128
-129 01 5 3 129
-130 01 5 4 130
-131 01 5 5 131
-132 01 5 6 132
-133 01 5 7 133
-134 01 5 8 134
135 01 6 0 135
-136 01 6 1 136
-137 01 6 2 137
-138 01 6 3 138
-139 01 6 4 139
-140 01 6 5 140
-141 01 6 6 141
-142 01 6 7 142
-143 01 6 8 143
144 01 7 0 144
-145 01 7 1 145
-146 01 7 2 146
-147 01 7 3 147
-148 01 7 4 148
-149 01 7 5 149
-150 01 7 6 150
-151 01 7 7 151
-152 01 7 8 152
-153 01 8 0 153
-154 01 8 1 154
-155 01 8 2 155
-156 01 8 3 156
-157 01 8 4 157
-158 01 8 5 158
-159 01 8 6 159
-160 01 8 7 160
-161 01 8 8 161
162 02 0 0 162
-163 02 0 1 163
-164 02 0 2 164
-165 02 0 3 165
-166 02 0 4 166
-167 02 0 5 167
-168 02 0 6 168
-169 02 0 7 169
-170 02 0 8 170
171 02 1 0 171
-172 02 1 1 172
-173 02 1 2 173
-174 02 1 3 174
-175 02 1 4 175
-176 02 1 5 176
-177 02 1 6 177
-178 02 1 7 178
-179 02 1 8 179
-180 02 2 0 180
-181 02 2 1 181
-182 02 2 2 182
-183 02 2 3 183
184 02 2 4 184
-185 02 2 5 185
-186 02 2 6 186
-187 02 2 7 187
-188 02 2 8 188
189 02 3 0 189
-190 02 3 1 190
-191 02 3 2 191
-192 02 3 3 192
-193 02 3 4 193
-194 02 3 5 194
-195 02 3 6 195
-196 02 3 7 196
-197 02 3 8 197
198 02 4 0 198
-199 02 4 1 199
-200 02 4 2 200
-201 02 4 3 201
-202 02 4 4 202
-203 02 4 5 203
-204 02 4 6 204
-205 02 4 7 205
-206 02 4 8 206
207 02 5 0 207
-208 02 5 1 208
-209 02 5 2 209
-210 02 5 3 210
-211 02 5 4 211
-212 02 5 5 212
-213 02 5 6 213
-214 02 5 7 214
-215 02 5 8 215
216 02 6 0 216
-217 02 6 1 217
-218 02 6 2 218
-219 02 6 3 219
-220 02 6 4 220
-221 02 6 5 221
-222 02 6 6 222
-223 02 6 7 223
-224 02 6 8 224
225 02 7 0 225
-226 02 7 1 226
-227 02 7 2 227
-228 02 7 3 228
-229 02 7 4 229
-230 02 7 5 230
-231 02 7 6 231
-232 02 7 7 232
-233 02 7 8 233
234 02 8 0 234
-235 02 8 1 235
-236 02 8 2 236
-237 02 8 3 237
-238 02 8 4 238
-239 02 8 5 239
-240 02 8 6 240
-241 02 8 7 241
-242 02 8 8 242
243 03 0 0 243
-244 03 0 1 244
-245 03 0 2 245
-246 03 0 3 246
-247 03 0 4 247
-248 03 0 5 248
-249 03 0 6 249
-250 03 0 7 250
-251 03 0 8 251
252 03 1 0 252
-253 03 1 1 253
-254 03 1 2 254
-255 03 1 3 255
-256 03 1 4 256
-257 03 1 5 257
-258 03 1 6 258
-259 03 1 7 259
-260 03 1 8 260
261 03 2 0 261
-262 03 2 1 262
-263 03 2 2 263
-264 03 2 3 264
-265 03 2 4 265
-266 03 2 5 266
-267 03 2 6 267
-268 03 2 7 268
-269 03 2 8 269
-270 03 3 0 270
271 03 3 1 271
-272 03 3 2 272
-273 03 3 3 273
-274 03 3 4 274
-275 03 3 5 275
-276 03 3 6 276
-277 03 3 7 277
-278 03 3 8 278
279 03 4 0 279
-280 03 4 1 280
-281 03 4 2 281
-282 03 4 3 282
-283 03 4 4 283
-284 03 4 5 284
-285 03 4 6 285
-286 03 4 7 286
-287 03 4 8 287
-288 03 5 0 288
-289 03 5 1 289
-290 03 5 2 290
-291 03 5 3 291
-292 03 5 4 292
-293 03 5 5 293
-294 03 5 6 294
295 03 5 7 295
-296 03 5 8 296
297 03 6 0 297
-298 03 6 1 298
-299 03 6 2 299
-300 03 6 3 300
-301 03 6 4 301
-302 03 6 5 302
-303 03 6 6 303
-304 03 6 7 304
-305 03 6 8 305
306 03 7 0 306
-307 03 7 1 307
-308 03 7 2 308
-309 03 7 3 309
-310 03 7 4 310
-311 03 7 5 311
-312 03 7 6 312
-313 03 7 7 313
-314 03 7 8 314
-315 03 8 0 315
-316 03 8 1 316
317 03 8 2 317
-318 03 8 3 318
-319 03 8 4 319
-320 03 8 5 320
-321 03 8 6 321
-322 03 8 7 322
-323 03 8 8 323
-324 04 0 0 324
-325 04 0 1 325
-326 04 0 2 326
327 04 0 3 327
-328 04 0 4 328
-329 04 0 5 329
-330 04 0 6 330
-331 04 0 7 331
-332 04 0 8 332
333 04 1 0 333
-334 04 1 1 334
-335 04 1 2 335
-336 04 1 3 336
-337 04 1 4 337
-338 04 1 5 338
-339 04 1 6 339
-340 04 1 7 340
-341 04 1 8 341
-342 04 2 0 342
-343 04 2 1 343
-344 04 2 2 344
-345 04 2 3 345
-346 04 2 4 346
347 04 2 5 347
-348 04 2 6 348
-349 04 2 7 349
-350 04 2 8 350
351 04 3 0 351
-352 04 3 1 352
-353 04 3 2 353
-354 04 3 3 354
-355 04 3 4 355
-356 04 3 5 356
-357 04 3 6 357
-358 04 3 7 358
-359 04 3 8 359
360 04 4 0 360
-361 04 4 1 361
-362 04 4 2 362
-363 04 4 3 363
-364 04 4 4 364
-365 04 4 5 365
-366 04 4 6 366
-367 04 4 7 367
-368 04 4 8 368
369 04 5 0 369
-370 04 5 1 370
-371 04 5 2 371
-372 04 5 3 372
-373 04 5 4 373
-374 04 5 5 374
-375 04 5 6 375
-376 04 5 7 376
-377 04 5 8 377
-378 04 6 0 378
-379 04 6 1 379
-380 04 6 2 380
-381 04 6 3 381
-382 04 6 4 382
-383 04 6 5 383
-384 04 6 6 384
-385 04 6 7 385
-386 04 6 8 386
387 04 7 0 387
-388 04 7 1 388
-389 04 7 2 389
-390 04 7 3 390
-391 04 7 4 391
-392 04 7 5 392
-393 04 7 6 393
-394 04 7 7 394
-395 04 7 8 395
396 04 8 0 396
-397 04 8 1 397
-398 04 8 2 398
-399 04 8 3 399
-400 04 8 4 400
-401 04 8 5 401
-402 04 8 6 402
-403 04 8 7 403
-404 04 8 8 404
405 05 0 0 405
-406 05 0 1 406
-407 05 0 2 407
-408 05 0 3 408
-409 05 0 4 409
-410 05 0 5 410
-411 05 0 6 411
-412 05 0 7 412
-413 05 0 8 413
-414 05 1 0 414
-415 05 1 1 415
-416 05 1 2 416
-417 05 1 3 417
418 05 1 4 418
-419 05 1 5 419
-420 05 1 6 420
-421 05 1 7 421
-422 05 1 8 422
423 05 2 0 423
-424 05 2 1 424
-425 05 2 2 425
-426 05 2 3 426
-427 05 2 4 427
-428 05 2 5 428
-429 05 2 6 429
-430 05 2 7 430
-431 05 2 8 431
432 05 3 0 432
-433 05 3 1 433
-434 05 3 2 434
-435 05 3 3 435
-436 05 3 4 436
-437 05 3 5 437
-438 05 3 6 438
-439 05 3 7 439
-440 05 3 8 440
441 05 4 0 441
-442 05 4 1 442
-443 05 4 2 443
-444 05 4 3 444
-445 05 4 4 445
-446 05 4 5 446
-447 05 4 6 447
-448 05 4 7 448
-449 05 4 8 449
450 05 5 0 450
-451 05 5 1 451
-452 05 5 2 452
-453 05 5 3 453
-454 05 5 4 454
-455 05 5 5 455
-456 05 5 6 456
-457 05 5 7 457
-458 05 5 8 458
459 05 6 0 459
-460 05 6 1 460
-461 05 6 2 461
-462 05 6 3 462
-463 05 6 4 463
-464 05 6 5 464
-465 05 6 6 465
-466 05 6 7 466
-467 05 6 8 467
468 05 7 0 468
-469 05 7 1 469
-470 05 7 2 470
-471 05 7 3 471
-472 05 7 4 472
-473 05 7 5 473
-474 05 7 6 474
-475 05 7 7 475
-476 05 7 8 476
477 05 8 0 477
-478 05 8 1 478
-479 05 8 2 479
-480 05 8 3 480
-481 05 8 4 481
-482 05 8 5 482
-483 05 8 6 483
-484 05 8 7 484
-485 05 8 8 485
486 06 0 0 486
-487 06 0 1 487
-488 06 0 2 488
-489 06 0 3 489
-490 06 0 4 490
-491 06 0 5 491
-492 06 0 6 492
-493 06 0 7 493
-494 06 0 8 494
495 06 1 0 495
-496 06 1 1 496
-497 06 1 2 497
-498 06 1 3 498
-499 06 1 4 499
-500 06 1 5 500
-501 06 1 6 501
-502 06 1 7 502
-503 06 1 8 503
504 06 2 0 504
-505 06 2 1 505
-506 06 2 2 506
-507 06 2 3 507
-508 06 2 4 508
-509 06 2 5 509
-510 06 2 6 510
-511 06 2 7 511
-512 06 2 8 512
513 06 3 0 513
-514 06 3 1 514
-515 06 3 2 515
-516 06 3 3 516
-517 06 3 4 517
-518 06 3 5 518
-519 06 3 6 519
-520 06 3 7 520
-521 06 3 8 521
-522 06 4 0 522
-523 06 4 1 523
-524 06 4 2 524
-525 06 4 3 525
-526 06 4 4 526
-527 06 4 5 527
-528 06 4 6 528
-529 06 4 7 529
530 06 4 8 530
531 06 5 0 531
-532 06 5 1 532
-533 06 5 2 533
-534 06 5 3 534
-535 06 5 4 535
-536 06 5 5 536
-537 06 5 6 537
-538 06 5 7 538
-539 06 5 8 539
540 06 6 0 540
-541 06 6 1 541
-542 06 6 2 542
-543 06 6 3 543
-544 06 6 4 544
-545 06 6 5 545
-546 06 6 6 546
-547 06 6 7 547
-548 06 6 8 548
-549 06 7 0 549
-550 06 7 1 550
-551 06 7 2 551
-552 06 7 3 552
-553 06 7 4 553
-554 06 7 5 554
-555 06 7 6 555
556 06 7 7 556
-557 06 7 8 557
558 06 8 0 558
-559 06 8 1 559
-560 06 8 2 560
-561 06 8 3 561
-562 06 8 4 562
-563 06 8 5 563
-564 06 8 6 564
-565 06 8 7 565
-566 06 8 8 566
567 07 0 0 567
-568 07 0 1 568
-569 07 0 2 569
-570 07 0 3 570
-571 07 0 4 571
-572 07 0 5 572
-573 07 0 6 573
-574 07 0 7 574
-575 07 0 8 575
-576 07 1 0 576
577 07 1 1 577
-578 07 1 2 578
-579 07 1 3 579
-580 07 1 4 580
-581 07 1 5 581
-582 07 1 6 582
-583 07 1 7 583
-584 07 1 8 584
-585 07 2 0 585
-586 07 2 1 586
-587 07 2 2 587
-588 07 2 3 588
-589 07 2 4 589
-590 07 2 5 590
-591 07 2 6 591
592 07 2 7 592
-593 07 2 8 593
594 07 3 0 594
-595 07 3 1 595
-596 07 3 2 596
-597 07 3 3 597
-598 07 3 4 598
-599 07 3 5 599
-600 07 3 6 600
-601 07 3 7 601
-602 07 3 8 602
603 07 4 0 603
-604 07 4 1 604
-605 07 4 2 605
-606 07 4 3 606
-607 07 4 4 607
-608 07 4 5 608
-609 07 4 6 609
-610 07 4 7 610
-611 07 4 8 611
612 07 5 0 612
-613 07 5 1 613
-614 07 5 2 614
-615 07 5 3 615
-616 07 5 4 616
-617 07 5 5 617
-618 07 5 6 618
-619 07 5 7 619
-620 07 5 8 620
621 07 6 0 621
-622 07 6 1 622
-623 07 6 2 623
-624 07 6 3 624
-625 07 6 4 625
-626 07 6 5 626
-627 07 6 6 627
-628 07 6 7 628
-629 07 6 8 629
630 07 7 0 630
-631 07 7 1 631
-632 07 7 2 632
-633 07 7 3 633
-634 07 7 4 634
-635 07 7 5 635
-636 07 7 6 636
-637 07 7 7 637
-638 07 7 8 638
639 07 8 0 639
-640 07 8 1 640
-641 07 8 2 641
-642 07 8 3 642
-643 07 8 4 643
-644 07 8 5 644
-645 07 8 6 645
-646 07 8 7 646
-647 07 8 8 647
648 08 0 0 648
-649 08 0 1 649
-650 08 0 2 650
-651 08 0 3 651
-652 08 0 4 652
-653 08 0 5 653
-654 08 0 6 654
-655 08 0 7 655
-656 08 0 8 656
657 08 1 0 657
-658 08 1 1 658
-659 08 1 2 659
-660 08 1 3 660
-661 08 1 4 661
-662 08 1 5 662
-663 08 1 6 663
-664 08 1 7 664
-665 08 1 8 665
666 08 2 0 666
-667 08 2 1 667
-668 08 2 2 668
-669 08 2 3 669
-670 08 2 4 670
-671 08 2 5 671
-672 08 2 6 672
-673 08 2 7 673
-674 08 2 8 674
675 08 3 0 675
-676 08 3 1 676
-677 08 3 2 677
-678 08 3 3 678
-679 08 3 4 679
-680 08 3 5 680
-681 08 3 6 681
-682 08 3 7 682
-683 08 3 8 683
-684 08 4 0 684
-685 08 4 1 685
-686 08 4 2 686
687 08 4 3 687
-688 08 4 4 688
-689 08 4 5 689
-690 08 4 6 690
-691 08 4 7 691
-692 08 4 8 692
-693 08 5 0 693
-694 08 5 1 694
-695 08 5 2 695
-696 08 5 3 696
-697 08 5 4 697
-698 08 5 5 698
699 08 5 6 699
-700 08 5 7 700
-701 08 5 8 701
702 08 6 0 702
-703 08 6 1 703
-704 08 6 2 704
-705 08 6 3 705
-706 08 6 4 706
-707 08 6 5 707
-708 08 6 6 708
-709 08 6 7 709
-710 08 6 8 710
-711 08 7 0 711
-712 08 7 1 712
-713 08 7 2 713
-714 08 7 3 714
715 08 7 4 715
-716 08 7 5 716
-717 08 7 6 717
-718 08 7 7 718
-719 08 7 8 719
720 08 8 0 720
-721 08 8 1 721
-722 08 8 2 722
-723 08 8 3 723
-724 08 8 4 724
-725 08 8 5 725
-726 08 8 6 726
-727 08 8 7 727
-728 08 8 8 728
