<id> : <instance> : <# generated nodes> <time-in-secs> <#gen/sec>
001 : 7 15 8 2 13 6 3 12 11 0 4 10 9 5 1 14 : 11556701 : 29.156000 : 396374.718750
002 : 14 13 15 7 11 12 9 5 6 0 2 1 4 8 10 3 : NOT
003 : 13 5 4 10 9 12 8 14 2 3 7 1 0 15 11 6 : 14671951 : 38.265999 : 383420.031250
004 : 14 7 8 2 13 11 10 4 9 12 5 0 3 6 1 15 : NOT
005 : 5 12 10 7 15 11 14 0 8 2 1 13 3 4 9 6 : NOT
006 : 4 7 14 13 10 3 9 12 11 5 6 15 1 2 8 0 : 22728828 : 60.653000 : 374735.437500
007 : 14 7 1 9 12 3 6 15 8 11 2 5 10 0 4 13 : : 27176250 : 114.518997 : 237307.781250
008 : 2 11 15 5 13 4 6 7 12 8 10 1 9 3 14 0 : NOT
009 : 12 11 15 3 8 0 4 2 6 13 9 5 14 1 10 7 : NOT
010 : 3 14 9 11 5 4 8 2 13 12 6 7 10 1 15 0 : : 2890010 : 6.146000 : 470226.156250
011 : 5 9 13 14 6 3 7 12 10 8 4 0 15 2 11 1 :  NOT
012 : 14 1 9 6 4 8 12 5 7 2 3 0 10 11 13 15 : : 532317 : 0.576000 : 924161.50000             0
013 : 3 6 5 2 10 0 15 14 1 4 13 12 9 8 11 7 :  NOT
011 : 13 11 8 9 0 15 7 10 4 3 6 14 5 12 2 1 :  NOT
012 : 5 9 13 14 6 3 7 12 10 8 4 0 15 2 11 1 :  NOT
013 : 14 1 9 6 4 8 12 5 7 2 3 0 10 11 13 15 : : 532317 : 0.609000 : 874083.687500
014 : 3 6 5 2 10 0 15 14 1 4 13 12 9 8 11 7 :  NOT
015 : 7 6 8 1 11 5 14 10 3 4 9 13 15 2 0 12 :  NOT
016 : 13 11 4 12 1 8 9 15 6 5 14 2 7 3 10 0 :  NOT
017 : 1 3 2 5 10 9 15 6 8 14 13 11 12 4 7 0 :  NOT
018 : 15 14 0 4 11 1 6 13 7 5 8 9 3 2 10 12 :  NOT
019 : 6 0 14 12 1 15 9 10 11 4 7 2 8 3 5 13 : : 13331714 : 24.789000 : 537807.687500
020 : 7 11 8 3 14 0 6 15 1 4 13 9 5 12 2 10 : : 2802378 : 7.129000 : 393095.500000
021 : 6 12 11 3 13 7 9 15 2 14 8 10 4 1 5 0 :  NOT
022 : 12 8 14 6 11 4 7 0 5 1 10 15 3 13 9 2 :  NOT
023 : 14 3 9 1 15 8 4 5 11 7 10 13 0 2 12 6 :  NOT
024 : 10 9 3 11 0 13 2 14 5 6 4 7 8 15 1 12 :  NOT
025 : 7 3 14 13 4 1 10 8 5 12 9 11 2 15 6 0 :  NOT
026 : 11 4 2 7 1 0 10 15 6 9 14 8 3 13 5 12 :  NOT
027 : 5 7 3 12 15 13 14 8 0 10 9 6 1 4 2 11 :  NOT
028 : 14 1 8 15 2 6 0 3 9 12 10 13 4 7 5 11 :  NOT
029 : 13 14 6 12 4 5 1 0 9 3 10 2 15 11 8 7 : : 7047420 : 11.061000 : 637141.312500
030 : 9 8 0 2 15 1 4 14 3 10 7 5 11 13 6 12 :  NOT
031 : 12 15 2 6 1 14 4 8 5 3 7 0 10 13 9 11 : : 1548493 : 1.903000 : 813711.500000
032 : 12 8 15 13 1 0 5 4 6 3 2 11 9 7 14 10 : : 3081493 : 4.336000 : 710676.437500
033 : 14 10 9 4 13 6 5 8 2 12 7 0 1 3 11 15 :  NOT
034 : 14 3 5 15 11 6 13 9 0 10 2 12 4 1 7 8 :  NOT
035 : 6 11 7 8 13 2 5 4 1 10 3 9 14 0 12 15 : : 14813258 : 28.125999 : 526674.875000
037 : 1 6 12 14 3 2 15 8 4 5 13 9 0 7 11 10 :  NOT
038 : 12 6 0 4 7 3 15 1 13 9 8 11 2 14 5 10 :  NOT
039 : 8 1 7 12 11 0 10 5 9 15 6 13 14 2 3 4 :  NOT
040 : 9 0 4 10 1 14 15 3 12 6 5 7 11 13 8 2 :  NOT
041 : 11 5 1 14 4 12 10 0 2 7 13 3 9 15 6 8 :  NOT
042 : 8 13 10 9 11 3 15 6 0 1 2 14 12 5 4 7 :  NOT
043 : 4 5 7 2 9 14 12 13 0 3 6 11 8 1 15 10 : : 637308 : 0.779000 : 818110.437500
044 : 11 15 14 13 1 9 10 4 3 6 2 12 7 5 8 0 :  NOT
045 : 12 9 0 6 8 3 5 14 2 4 11 7 10 1 15 13 :  NOT
046 : 3 14 9 7 12 15 0 4 1 8 5 6 11 10 2 13 : : 7458945 : 10.904000 : 684055.812500
047 : 8 4 6 1 14 12 2 15 13 10 9 5 3 7 0 11 : : 14976352 : 28.844999 : 519200.968750
048 : 6 10 1 14 15 8 3 5 13 0 2 7 4 9 11 12 : : 3048919 : 4.757000 : 640933.125000
049 : 8 11 4 6 7 3 10 9 2 12 15 13 0 1 5 14 : : 1816251 : 2.279000 : 796950.812500
050 : 12 5 13 11 2 10 0 9 7 8 4 3 14 6 15 1 : : 22029586 : 69.669998 : 316199.031250
051 : 12 5 13 11 2 10 0 9 7 8 4 3 14 6 15 1 :  NOT
052 : 10 2 8 4 15 0 1 14 11 13 3 6 9 7 5 12 :  NOT
053 : 10 8 0 12 3 7 6 2 1 14 4 11 15 13 9 5 :  NOT
054 : 14 9 12 13 15 4 8 10 0 2 1 7 3 11 5 6 :  NOT
055 : 12 11 0 8 10 2 13 15 5 4 7 3 6 9 14 1 :  NOT
056 : 13 8 14 3 9 1 0 7 15 5 4 10 12 2 6 11 : : 789440 : 0.968000 : 815537.187500
057 : 3 15 2 5 11 6 4 7 12 9 1 0 13 14 10 8 :  NOT
058 : 5 11 6 9 4 13 12 0 8 2 15 10 1 7 3 14 : : 7379937 : 11.778000 : 626586.625000
059 : 5 0 15 8 4 6 1 14 10 11 3 9 7 12 2 13 : : 5655060 : 11.028000 : 512791.093750
060 : 15 14 6 7 10 1 0 11 12 8 4 9 2 5 13 3 :  NOT
061 : 11 14 13 1 2 3 12 4 15 7 9 5 10 6 8 0 :  NOT
062 : 6 13 3 2 11 9 5 10 1 7 12 14 8 4 0 15 : : 6128128 : 10.358000 : 591632.375000
070 : 15 1 3 12 4 0 6 5 2 8 14 9 13 10 7 11 : NOT
080 : 11 0 15 8 13 12 3 5 10 1 4 6 14 9 7 2 :NOT
090 : 5 4 7 1 11 12 14 15 10 13 8 6 2 0 9 3 : : 13049176 : 49.264999 : 264877.218750
100 : 11 4 0 8 6 10 5 13 12 7 14 3 1 2 9 15 : : 55877969 : 300.238007 : 186112.234375

