version: 1
creator: callgrind-3.7.0
pid: 3193
cmd:  ./main 15_puzzle_1_instance.txt
part: 1


desc: I1 cache: 
desc: D1 cache: 
desc: LL cache: 

desc: Timerange: Basic block 0 - 5859600000
desc: Trigger: Program termination

positions: line
events: Ir
summary: 30045326023


ob=(2) ???
fl=(15) ???
fn=(262) 0x042f2310
0 8
cob=(5) /lib/i386-linux-gnu/libm-2.15.so
cfi=(57) ???
cfn=(266) 0x00004710
calls=1 0 
0 15
0 1
cob=(5)
cfi=(57)
cfn=(276) 0x0001eac0
calls=1 0 
0 15
0 3

fn=(284) 0x04128dc4
0 10

fn=(218) 0x040252f8
0 8
cob=(4) /usr/lib/valgrind/vgpreload_core-x86-linux.so
cfi=(48) ???
cfn=(222) 0x000003f0
calls=1 0 
0 15
0 1
cob=(4)
cfi=(48)
cfn=(232) 0x00000520
calls=1 0 
0 15
0 3

fn=(498) 0x080487c8
0 10

fn=(316) 0x04080e10
0 10

ob=(4)
fl=(48)
fn=(224) 0x00000427
0 4

fn=(222)
0 4
cfn=(224)
calls=1 0 
0 2
0 9

fn=(232)
0 5
cfn=(224)
calls=1 0 
0 2
0 8

ob=(1) /lib/i386-linux-gnu/ld-2.15.so
fl=(25) /build/buildd/eglibc-2.15/elf/dl-debug.c
fn=(82) _dl_debug_initialize
49 28
cfi=(3) /build/buildd/eglibc-2.15/string/../sysdeps/i386/i686/multiarch/../memcmp.S
cfn=(4) 0x00018bab
calls=7 +3 
* 14
* 7
+3 7
-3 21
+4 7
-1 7
+5 28
+4 2
-1 1
+1 1
+1 1
+5 1
-6 1
+6 1
-5 2
+1 1
+4 1
-4 1
+4 2
-10 18
+10 30

fn=(84) _dl_debug_state
77 2

fl=(29) /build/buildd/eglibc-2.15/io/../sysdeps/unix/sysv/linux/fxstat64.c
fn=(112) __fxstat64
46 6
+3 6
-3 6
cfi=(3)
cfn=(4)
calls=6 +6 
* 12
* 6
+3 42
+33 12

fl=(61) /build/buildd/eglibc-2.15/elf/../sysdeps/i386/dl-trampoline.S
fn=(344) _dl_runtime_resolve
29 95
+2 95
+2 95
+2 95
+1 95
+1 95
cfi=(62) /build/buildd/eglibc-2.15/elf/dl-runtime.c
cfn=(346) _dl_fixup
calls=95 +37 
* 97593
+1 95
+2 95
+1 95
+1 95
+1 95

fl=(8) /build/buildd/eglibc-2.15/elf/../elf/dl-sysdep.c
fn=(66) _dl_important_hwcaps
354 6
cfi=(3)
cfn=(4)
calls=1 52 
* 2
* 4
+3 1
-3 1
+3 1
-1 5
+1 3
+9 2
-10 1
+10 5
+1 7
-1 1
+1 1
+1 1
-2 1
+2 1
-2 6
+1 182
-1 26
+1 26
+1 26
-2 26
+2 26
-2 318
+10 1
-1 1
+1 2
-2 1
+2 2
+44 5
cfi=(21) /build/buildd/eglibc-2.15/io/../sysdeps/unix/syscall-template.S
cfn=(68) access
calls=1 82 
* 18
* 3
-2 2
+17 3
-17 1
+17 2
+3 2
+27 9
+1 270
+2 10
+1 48
+1 2
-1 4
+1 16
+1 2
-1 10
-5 140
+8 3
+2 2
+1 1
-1 1
+1 3
+4 1
+4 1
-4 2
+1 1
+3 1
+3 1
+1 1
-1 1
+4 3
+1 2
+18 7
+1 5
cfi=(16) /build/buildd/eglibc-2.15/elf/dl-minimal.c
cfn=(42) malloc
calls=1 95 
* 46
+1 2
-1 1
+1 1
+7 2
+22 3
+3 1
-3 2
+3 1
+7 18
+6 1
-3 1
+3 5
cfi=(22) /build/buildd/eglibc-2.15/string/../sysdeps/i386/i686/multiarch/../mempcpy.S
cfn=(72) mempcpy
calls=1 44 
* 16
* 3
-3 3
+3 15
cfi=(22)
cfn=(72)
calls=3 44 
* 48
* 4
+3 4
-3 4
+3 24
+1 32
+1 28
cfi=(22)
cfn=(72)
calls=4 44 
* 60
* 12
-2 8
+5 24
cfi=(22)
cfn=(72)
calls=4 44 
* 60
* 8
+2 8
+5 7
+1 16
-1 50
+8 1
-3 4
+3 5
-3 12
+3 18
+1 96
+1 32
-1 32
+1 64
-2 32
+1 64
-1 96
+4 8
+3 1
+1 1
+1 3
-2 1
+1 1
-1 1
+2 1
-2 1
+2 3
352 6
592 9
+3 3
-6 6
+2 18
352 6
594 6
+1 3
-6 6
352 5
602 2
352 1
602 5
+1 1
+2 2
-3 21
+1 7
+2 14
+3 4
+3 7
494 1
+1 5
+1 2
-1 3
+1 2
-1 3
+2 2
+1 2
+2 2
-1 1
+1 1
-1 2
+5 4
-56 2
-12 2

fn=(14) _dl_sysdep_start
89 7
cfi=(3)
cfn=(4)
calls=1 -37 
* 2
* 1
+25 1
-1 1
+1 184
+6 1
-6 1
-23 1
+26 1
-3 1
+3 1
+3 1
-2 1
-28 1
+30 15
-10 1
+10 6
-29 2
+30 105
+3 3
-4 1
-34 2
+34 13
-34 20
+34 47
+93 2
-93 4
+93 1
fi=(9) /build/buildd/eglibc-2.15/elf/../sysdeps/unix/sysv/linux/dl-sysdep.c
36 2
cfi=(10) /build/buildd/eglibc-2.15/elf/../sysdeps/unix/sysv/linux/i386/brk.c
cfn=(18) brk
calls=1 * 
* 22
fi=(5) /build/buildd/eglibc-2.15/elf/../sysdeps/i386/dl-machine.h
267 5
fe=(8)
-38 2
cfi=(12) /build/buildd/eglibc-2.15/elf/../misc/sbrk.c
cfn=(24) sbrk
calls=1 35 
* 23
* 3
+12 3
+3 8
cfi=(2) /build/buildd/eglibc-2.15/elf/rtld.c
cfn=(26) dl_main
calls=1 896 
* 1368774
+2 7
-67 1
-59 1
+59 1
-93 2
+34 3
+34 1
-34 1
+34 1
-68 2
+34 3
+43 1
-43 1
-34 2
+34 1
+43 1
-43 2
+40 1
-40 1
+40 1
-74 2
+34 1
+40 2
-40 2
+37 1
-37 1
-34 2
+34 1
+37 1
-37 3
+13 1
-13 1
-34 2
+34 1
+13 1
-13 2
+10 1
-10 1
-34 2
+34 1
+10 1
-10 2
+7 1
-7 1
+7 1
-41 2
+34 3
227 2
cfi=(11) /build/buildd/eglibc-2.15/string/../sysdeps/i386/i686/multiarch/../../i586/strlen.S
cfn=(22) strlen
calls=1 47 
* 32
* 2

fn=(202) _dl_sysdep_start_cleanup
252 1

fl=(14) /build/buildd/eglibc-2.15/elf/dl-object.c
fn=(50) _dl_add_to_namespace_list
34 18
cfi=(3)
cfn=(4)
calls=6 +18 
* 12
* 36
+2 18
cfi=(2)
cfn=(52) rtld_lock_default_lock_recursive
calls=6 843 
* 18
+2 31
+3 75
+2 5
+2 5
+4 5
+1 5
+3 5
-4 5
+1 10
+1 5
-1 5
+1 15
+2 5
cfi=(2)
cfn=(54) rtld_lock_default_unlock_recursive
calls=5 849 
* 15
-4 1
+1 1
+3 1
-4 1
+1 2
+1 1
-1 1
+1 3
+2 1
cfi=(2)
cfn=(54)
calls=1 849 
* 3
+1 36
-6 2

fn=(34) _dl_new_object
63 30
cfi=(3)
cfn=(4)
calls=6 -11 
* 12
* 12
+1 6
-1 24
+1 6
cfi=(11)
cfn=(22)
calls=6 -17 
* 327
+6 12
-6 6
+6 6
+7 36
cfi=(16)
cfn=(38) calloc
calls=6 +27 
* 461
+3 18
-3 6
+3 6
+4 6
-20 6
+20 6
-1 6
+5 12
+1 42
cfi=(17) /build/buildd/eglibc-2.15/string/../sysdeps/i386/i686/multiarch/../memcpy.S
cfn=(48) memcpy
calls=6 -45 
* 162
* 6
+2 6
-2 6
+4 6
+1 6
-1 6
+1 30
+3 12
+6 6
+3 6
-7 6
+4 6
+3 8
+2 1
-2 3
+2 15
-2 45
+12 6
+4 6
-4 6
+6 6
-5 6
+5 18
+2 15
+3 13
+4 19
+4 20
+8 1
+3 2
+3 4
-3 10
+3 20
+2 15
cfi=(11)
cfn=(22)
calls=5 47 
* 477
+4 5
-4 5
+4 5
-4 5
+4 5
+68 42
70 60
+67 15
-39 12
+31 1
+8 4
+24 10
cfi=(16)
cfn=(42)
calls=5 -66 
* 230
* 5
+1 15
+45 30
cfi=(22)
cfn=(72)
calls=5 44 
* 118
* 5
+5 77
+1 77
-1 77
+1 82
-1 5
+1 5
+2 10
+3 5
+3 10

fl=(24) /build/buildd/eglibc-2.15/string/../sysdeps/i386/i686/multiarch/../../i586/strchr.S
fn=(76) index
49 18
+2 18
+3 18
+2 18
+3 18
+1 18
+3 18
+2 18
+6 18
+1 18
+2 18
+1 18
+2 18
+1 18
+2 18
+2 12
+1 12
+2 9
+1 9
+2 9
+1 9
+2 9
+1 9
+2 9
+1 9
+2 9
+1 9
+2 9
+1 9
+2 9
+2 9
+2 9
+1 9
+2 9
+1 9
+2 9
+10 9
+1 9
+2 9
+1 9
+25 9
+1 9
+2 9
+1 9
-33 9
+1 9
+2 9
+1 9
+25 9
+1 9
+2 9
+1 9
-4 2
+1 2
+2 2
+1 2
+2 20
+1 20
+2 20
+1 20
+2 20
+1 20
+2 20
+1 20
+2 20
+1 20
+2 20
+1 20
+2 20
+1 20
+2 20
+1 20
+2 19
+1 19
+2 19
+1 19
+2 17
+1 17
+2 17
+1 17
+2 13
+1 13
+2 13
+1 13
+2 13
+1 13
+2 13
+1 13
+2 13
+1 13
+2 13
+1 13
+2 13
+1 13
+2 13
+1 13
+2 10
+1 10
+2 10
+1 10
+2 9
+1 9
+2 9
+1 9
+2 9
+1 9
+2 9
+1 9
+2 9
+1 9
+2 9
+1 9
+2 9
+1 9
+2 9
+1 9
+2 8
+1 8
+2 8
+1 8
+2 2
+1 2
+2 2
+1 2
+2 2
+1 2
+2 2
+1 2
+2 2
+1 2
+2 2
+2 2
+4 1
+1 1
+2 1
+17 18
+3 18
+4 18
+3 18
+5 18
+9 17
+1 17
+2 17
+2 17
+1 17
+2 15
+2 15
+1 15
+2 15
+1 15
+2 9
+1 9
+2 9
+1 9
+2 9
+1 9
+2 5
+3 5
+1 5
+2 17
+2 17

fl=(20) /build/buildd/eglibc-2.15/elf/dl-load.c
fn=(78) fillin_rpath
491 5
cfi=(3)
cfn=(4)
calls=1 52 
* 2
* 4
+2 2
+2 5
cfi=(16)
cfn=(80) strsep
calls=1 320 
* 301
* 5
cfi=(16)
cfn=(80)
calls=1 320 
* 26
* 6
+3 2
cfi=(11)
cfn=(22)
calls=1 47 
* 53
+4 1
-4 1
+4 1
+7 4
+5 2
+3 3
+4 18
+1 8
+18 4
+4 2
+1 1
-1 1
-1 4
cfi=(16)
cfn=(42)
calls=1 95 
* 46
+3 3
-3 1
+3 1
+5 1
-1 1
+2 5
cfi=(22)
cfn=(72)
calls=1 44 
* 19
+3 1
-3 1
+3 1
-2 1
+2 1
+6 4
+1 4
+1 1
-1 3
+1 15
-1 45
+4 1
-1 1
+1 1
-1 1
+1 1
+7 1
+4 1
-3 1
-1 1
+4 5
+5 3
+3 6
-14 2

fn=(100) expand_dynamic_string_token
421 3
cfi=(3)
cfn=(4)
calls=1 52 
* 2
* 1
+10 2
-10 6
+10 1
cfi=(24)
cfn=(76)
calls=1 49 
* 260
* 2
+4 1
+11 5
-11 1
cfn=(102) local_strdup
calls=1 160 
* 230

fn=(126) open_path
2127 24
+1 4
-1 4
cfi=(3)
cfn=(4)
calls=4 52 
* 8
* 12
+1 4
+6 4
-6 4
+6 4
+5 4
-7 4
-1 4
+8 48
+34 12
-22 12
+7 28
cfi=(22)
cfn=(72)
calls=4 44 
* 76
* 4
+1 28
+20 32
-20 304
+3 128
+4 171
cfi=(22)
cfn=(72)
calls=19 44 
* 314
* 114
cfi=(22)
cfn=(72)
calls=19 44 
* 356
* 19
+6 19
-3 19
+3 38
+3 209
cfn=(104) open_verify
calls=19 1857 
* 1007
+2 19
-2 19
+2 57
+26 12
+2 6
-46 15
+85 24
+5 4
+2 4
-2 4
+2 16
+3 12
+13 4
+1 28
-84 48
+1 96
+6 64
+2 96
cfi=(32) /build/buildd/eglibc-2.15/io/../sysdeps/unix/sysv/linux/xstat64.c
cfn=(128) __xstat64
calls=16 47 
* 285
* 32
+1 4
+2 30
+7 32
-5 3

fn=(102)
160 15
cfi=(3)
cfn=(4)
calls=5 52 
* 10
* 5
+1 5
-1 15
+1 5
cfi=(11)
cfn=(22)
calls=5 47 
* 493
* 5
+1 10
cfi=(16)
cfn=(42)
calls=5 -67 
* 230
* 5
+3 5
-1 10
+3 20
cfi=(17)
cfn=(48)
calls=5 44 
* 169
+1 25

fn=(104)
1857 144
+36 24
-36 48
cfi=(3)
cfn=(4)
calls=24 52 
* 48
* 48
+36 24
-36 48
+36 93
+21 96
cfi=(21)
cfn=(106) open
calls=24 82 
* 411
+1 24
-1 24
+1 24
+11 5
-1 5
+1 25
cfi=(21)
cfn=(108) read
calls=5 82 
* 50
* 5
+7 5
-7 10
+7 5
+16 25
cfi=(3)
cfn=(32) bcmp
calls=5 58 
* 155
* 10
+2 10
-2 10
+4 35
cfi=(3)
cfn=(32)
calls=5 58 
* 180
-4 10
+60 15
+5 10
+2 15
+6 15
+7 5
+1 5
-1 10
+1 15
+1 15
+15 217
+2 93
+4 25
+1 30
+13 5
+1 5
-1 5
+1 5
-1 5
+1 5
-2 5
+4 15
+5 2
+1 2
-13 10
cfi=(3)
cfn=(32)
calls=2 58 
* 78
* 25
cfi=(3)
cfn=(32)
calls=5 58 
* 170
* 14
+16 8
+3 2
+1 2
+1 2
+1 6
+1 6
-4 2
+1 4
+1 2
-1 4
-1 2
+4 4
+28 180

fn=(110) _dl_map_object_from_fd
916 30
cfi=(3)
cfn=(4)
calls=5 52 
* 10
* 15
+11 5
-11 5
+11 10
cfi=(25)
cfn=(82)
calls=5 49 
* 125
* 5
+4 30
cfi=(29)
cfn=(112)
calls=5 46 
* 75
* 10
+11 30
+1 35
-1 60
+1 160
+17 15
+25 10
+10 10
+22 20
+31 10
928 5
1051 50
cfi=(14)
cfn=(34)
calls=5 63 
* 2671
* 5
+1 5
-1 5
+1 5
+11 5
+2 5
-2 5
+2 5
-1 5
-1 5
+5 5
-3 5
+2 5
-3 5
+4 15
+1 10
+24 5
-19 5
+19 25
+8 5
-8 15
+8 20
+96 5
-96 20
+96 10
-95 68
+6 10
+1 20
-8 246
+1 234
+60 6
+4 2
+1 2
+1 2
-1 2
+1 2
+4 2
+3 2
-3 2
+7 8
+6 2
cfi=(35) /build/buildd/eglibc-2.15/elf/dl-tls.c
cfn=(138) _dl_next_tls_modid
calls=2 51 
* 40
* 6
+1 2
-67 70
+6 10
+1 10
-1 60
+8 50
+1 60
+1 20
+3 10
-3 20
+3 10
+1 10
-3 10
+3 10
+4 10
-7 10
+3 10
+4 10
+1 30
+5 35
+10 5
-10 35
+10 5
-46 4
+1 2
1244 10
+1 10
+1 5
-6 10
+1 5
-70 10
+78 15
+13 5
-3 5
1064 5
1262 10
1064 5
1262 20
+2 5
-2 5
+2 5
+19 50
-5 5
+5 10
cfi=(23) /build/buildd/eglibc-2.15/misc/../sysdeps/unix/sysv/linux/i386/mmap.S
cfn=(74) mmap
calls=5 35 
* 115
+4 5
-4 5
+4 5
+7 15
+1 10
+2 5
-2 5
+2 5
+10 5
+35 40
+1 15
+2 30
+7 40
+7 5
-1 5
+1 5
+1 5
-2 5
+2 10
+1 10
-1 25
+8 10
+3 10
+11 40
cfi=(30) /build/buildd/eglibc-2.15/string/../sysdeps/i386/i686/multiarch/../memset.S
cfn=(114) memset
calls=5 52 
* 538
+1 20
+5 10
+15 10
-73 60
+2 20
+2 60
cfi=(23)
cfn=(74)
calls=5 35 
* 115
* 10
+73 5
-77 5
+77 10
+9 10
fi=(4) /build/buildd/eglibc-2.15/elf/dynamic-link.h
115 5
fe=(20)
1416 10
fi=(4)
115 5
+4 10
+2 15
fe=(20)
913 10
fi=(4)
124 90
+15 90
-18 270
+18 5
-18 15
+2 242
+5 124
+1 78
+10 26
-18 78
+25 15
+20 19
+1 25
+1 25
+1 25
+2 15
+3 25
+2 25
+1 23
+1 25
+6 15
+7 15
+5 15
+4 15
+1 15
+12 15
+5 2
+2 2
-2 2
+2 2
+2 4
+2 4
+3 15
+2 2
+2 2
+3 15
fe=(20)
1422 20
+16 15
+19 10
+2 25
+55 15
+1 4
+3 6
cfi=(21)
cfn=(118) close
calls=2 82 
* 16
* 9
cfi=(21)
cfn=(118)
calls=3 82 
* 24
* 10
+8 10
+3 15
+2 5
-2 5
+2 5
+16 10
cfi=(7) /build/buildd/eglibc-2.15/elf/dl-lookup.c
cfn=(12) _dl_setup_hash
calls=5 861 
* 185
+4 10
+19 10
+3 5
+5 5
-8 10
+3 10
+1 5
+4 5
-5 5
+1 15
+4 5
+6 15
cfi=(14)
cfn=(50)
calls=5 34 
* 300
+4 15
+20 35
-56 15
fi=(4)
130 20
+3 20
+3 20
+2 5
-1 5
+1 15
fe=(20)
1346 15
+1 21
+1 15
-1 6
+3 12
+42 20
cfi=(23)
cfn=(74)
calls=2 35 
* 46
+3 4
fi=(4)
191 10
fe=(20)

fn=(64) _dl_init_paths
712 6
cfi=(3)
cfn=(4)
calls=1 52 
* 2
* 3
+15 6
cfi=(8)
cfn=(66)
calls=1 354 
* 2430
* 2
+5 2
cfi=(16)
cfn=(42)
calls=1 95 
* 46
+1 1
-1 1
-1 1
+2 1
+8 1
-1 1
+1 1
-1 4
+5 3
cfi=(16)
cfn=(42)
calls=1 95 
* 86
-1 1
+3 1
-3 1
+3 1
+15 2
+2 3
+3 2
+2 2
+7 1
-65 1
+65 1
-65 1
+42 1
-42 1
+43 1
+11 1
+3 1
+8 1
-65 1
+62 20
+1 4
-1 12
+1 60
-1 184
+3 8
-14 3
+2 3
+12 3
-7 3
-7 6
+2 3
+4 3
+1 3
-7 3
+5 3
-2 3
+3 3
-1 3
+2 3
+3 3
-3 6
+3 6
-3 3
-7 3
+10 3
-10 3
+10 6
+15 1
-11 1
+7 1
-1 1
+6 1
-5 1
+5 1
+2 4
+2 3
+32 6
+8 3
cfi=(24)
cfn=(76)
calls=1 49 
* 112
* 2
+2 3
cfi=(11)
cfn=(22)
calls=1 47 
* 54
* 11
cfi=(17)
cfn=(48)
calls=1 44 
* 25
* 1
+17 7
+2 1
+1 2
+1 1
-4 3
+2 13
+1 26
+1 13
-4 40
+8 2
cfi=(16)
cfn=(42)
calls=1 95 
* 46
+1 1
-2 1
+2 1
+6 10
cfn=(78)
calls=1 491 
* 640
+4 4
+6 1
+4 6
-72 1
-2 1
+2 2
+11 2

fn=(96) _dl_map_object
2276 84
+7 12
-7 12
cfi=(3)
cfn=(4)
calls=12 52 
* 24
* 24
+7 24
+1 36
+3 72
+12 84
-12 126
+5 147
+1 98
+2 147
cfi=(28) /build/buildd/eglibc-2.15/elf/dl-misc.c
cfn=(98) _dl_name_match_p
calls=49 305 
* 3800
* 98
2570 49
2322 5
-1 25
+11 15
+26 10
-2 5
+2 5
cfi=(24)
cfn=(76)
calls=5 49 
* 443
* 10
2501 6
cfn=(100)
calls=1 421 
* 514
+1 1
+1 1
-4 1
+3 1
+4 10
cfn=(104)
calls=1 1857 
* 303
+3 1
-3 1
+3 1
+12 20
+2 10
+45 5
-1 5
+1 15
-1 5
+1 55
cfn=(110)
calls=5 916 
* 8786
+2 15
-2 5
+2 20
2321 10
+41 8
cfi=(11)
cfn=(22)
calls=4 47 
* 200
* 4
+2 4
-2 4
+2 4
+7 20
+35 8
+1 76
cfn=(126)
calls=4 2127 
* 3932
+6 4
-6 4
+6 4
+80 8
-80 8
+1 28
cfn=(124) cache_rpath
calls=4 688 
* 61
* 8
+7 16
+5 8
cfi=(33) /build/buildd/eglibc-2.15/elf/dl-cache.c
cfn=(130) _dl_load_cache_lookup
calls=4 183 
* 6842
+2 4
-2 4
+2 4
+5 12
+8 8
+27 44
cfn=(104)
calls=4 1857 
* 1336
+3 4
-3 4
+3 4
+2 12
cfn=(102)
calls=4 160 
* 797
+1 8
-1 4
+1 4
-99 4
+5 4
-5 4
+5 12
+3 8
-3 4
+3 8
-3 15
+1 30
cfn=(124)
calls=5 688 
* 74
* 10
+14 16
+1 32
+1 32
cfn=(124)
calls=4 688 
* 52
* 8
-97 126
+3 22
+1 44
+1 66
cfi=(18) /build/buildd/eglibc-2.15/string/../sysdeps/i386/i686/multiarch/../strcmp.S
cfn=(56) strcmp
calls=22 34 
* 527
* 44

fn=(124)
688 52
+1 13
+1 13
-2 13
+1 26
+3 2
+1 2
-1 2
+14 52
-11 8
+3 2
+1 2

fl=(28)
fn=(98)
305 1560
cfi=(3)
cfn=(4)
calls=260 52 
* 520
* 520
+1 1040
cfi=(18)
cfn=(56)
calls=260 34 
* 2347
+1 260
-1 520
+3 260
+8 260
-6 520
+4 257
-4 514
+1 1100
cfi=(18)
cfn=(56)
calls=275 34 
* 5843
* 550
+1 18
+5 350
-1 242
+1 1210

fn=(196) _dl_higher_prime_number
324 8
cfi=(3)
cfn=(4)
calls=2 52 
* 4
* 2
+38 2
-1 4
+7 1
-4 2
+2 32
+1 8
-3 7
+3 7
-3 7
+2 42
+1 12
+1 2
-4 4
+19 2
-1 2
+1 6

fn=(132) _dl_sysdep_read_whole_file
44 3
cfi=(3)
cfn=(4)
calls=1 +8 
* 2
* 6
+7 3
cfi=(21)
cfn=(106)
calls=1 +31 
* 10
-6 1
+7 1
-1 1
+1 1
+2 5
cfi=(29)
cfn=(112)
calls=1 -8 
* 15
* 2
+2 1
+3 1
-3 1
+3 1
+13 2
cfi=(21)
cfn=(118)
calls=1 +10 
* 8
+3 7
-14 7
cfi=(23)
cfn=(74)
calls=1 -26 
* 23
* 2

fl=(35)
fn=(154) _dl_determine_tlsoffset
113 5
cfi=(3)
cfn=(4)
calls=1 -61 
* 2
* 2
+6 4
+3 4
+36 3
+2 10
-2 12
+2 3
+3 2
-1 2
+5 2
-4 2
-1 4
+3 8
+2 4
+12 4
-12 8
+16 8
+2 4
+1 2
-3 4
+2 4
+10 2
-12 4
+15 8
+52 1
-51 1
+51 1
+1 6

fn=(200) _dl_allocate_tls_init
377 6
cfi=(3)
cfn=(4)
calls=1 52 
* 2
* 1
+1 1
-1 1
+1 1
+4 1
+3 1
+5 1
-6 1
-2 1
+8 3
+5 8
+6 4
-25 2
+47 4
+1 12
+2 4
+1 6
+8 6
+1 2
-1 2
+2 12
cfi=(22)
cfn=(72)
calls=2 44 
* 30
* 12
cfi=(30)
cfn=(114)
calls=2 52 
* 56
-42 8
+6 10
+3 2
+1 4
+6 2
+3 2
-3 4
+2 4
+38 2
+3 7

fn=(158) allocate_dtv
289 3
cfi=(3)
cfn=(4)
calls=1 52 
* 2
* 4
+8 1
-1 1
+1 3
cfi=(16)
cfn=(38)
calls=1 104 
* 69
+1 2
-2 2
+11 2
+6 6

fn=(138)
51 6
cfi=(3)
cfn=(4)
calls=2 +1 
* 4
* 8
+3 6
+48 4
+4 12

fn=(192) _dl_add_to_slotinfo
817 6
cfi=(3)
cfn=(4)
calls=2 52 
* 4
* 10
+6 2
+3 4
+5 6
+42 2
-1 2
+2 4
-1 4
+1 8

fn=(156) _dl_allocate_tls_storage
329 3
cfi=(3)
cfn=(4)
calls=1 52 
* 2
* 4
+2 1
+11 4
cfi=(16)
cfn=(46) __libc_memalign
calls=1 53 
* 33
+1 1
-1 1
+1 1
+7 1
+4 318
+11 2
cfn=(158)
calls=1 -76 
* 95
+1 2
+5 6

fl=(62)
fn=(346)
74 570
+3 95
-1 95
-2 95
cfi=(3)
cfn=(4)
calls=95 -22 
* 190
* 95
+3 190
+3 190
+1 95
+1 95
-1 475
+6 95
-5 190
-1 95
+1 95
+5 95
+4 285
+4 95
-2 95
+2 190
+4 190
+1 285
+2 285
+7 285
-1 95
+11 1045
cfi=(7)
cfn=(170) _dl_lookup_symbol_x
calls=95 716 
* 89166
* 190
+4 285
+10 665
+16 95
-8 95
+8 285
+4 285
fi=(5)
277 285
fe=(62)
157 570
fi=(78) /build/buildd/eglibc-2.15/elf/../sysdeps/i386/dl-irel.h
33 4
cob=(3) /lib/i386-linux-gnu/libc-2.15.so
cfi=(101) /build/buildd/eglibc-2.15/string/../sysdeps/i386/i686/multiarch/memchr.S
cfn=(1050) memchr
calls=1 +12 
* 14
cob=(3)
cfi=(97) /build/buildd/eglibc-2.15/string/../sysdeps/i386/i686/multiarch/memcmp.S
cfn=(986) bcmp
calls=1 -3 
* 15
cob=(3)
cfi=(95) /build/buildd/eglibc-2.15/string/../sysdeps/i386/i686/multiarch/memcpy.S
cfn=(978) memcpy
calls=1 +7 
* 15
cob=(3)
cfi=(79) /build/buildd/eglibc-2.15/string/../sysdeps/i386/i686/multiarch/strcmp.S
cfn=(790) strcmp
calls=1 +34 
* 15
* 4
fe=(62)

fl=(3)
fn=(4)
52 4629
+1 4629

fn=(32)
58 22
+2 22
+1 22
+1 22
+2 22
+1 22
+18 22
+2 22
+2 22
+2 22
+1 22
+2 22
cfn=(4)
calls=22 -40 
* 44
* 44
+1 22
+1 22
+1 22
+14 1
+1 1
+1 1
+1 1
+2 8
+1 8
+1 8
+1 8
+2 9
+1 9
+1 9
+1 9
+2 9
+1 9
+1 9
+1 9
+2 9
+1 9
+1 9
+1 9
+2 9
+3 9
+1 18
268 1
+1 1
+1 1
+1 1
+2 8
+1 8
+1 8
+1 8
+2 7
+1 7
+1 7
+1 7
+1 7
+1 7
+1 7
+1 7
+1 7
+1 7
+3 7
+1 14
+70 6
+1 6
+11 6
+1 6
+1 6
+3 12

fl=(33)
fn=(136) _dl_cache_libcmp
140 205
+1 180
+2 221
+2 221
-2 663
+2 442
-2 221
+2 8
+7 4
-1 4
+1 20
+1 4
-2 8
+2 16
+2 24
+2 8
+6 434
+2 651
+4 180
+1 180
-29 720
+32 4
+1 16
-1 4
+1 41
-8 37
+8 37
-8 37
+8 37
-8 74
+8 111

fn=(204) _dl_unload_cache
309 2
cfi=(3)
cfn=(4)
calls=1 52 
* 2
* 2
+1 4
+2 4
cfi=(46) /build/buildd/eglibc-2.15/misc/../sysdeps/unix/syscall-template.S
cfn=(206) munmap
calls=1 82 
* 9
+1 1
+2 3

fn=(130)
183 20
cfi=(3)
cfn=(4)
calls=4 52 
* 8
* 12
+8 8
+3 16
+45 12
+6 16
+11 4
fi=(34) /build/buildd/eglibc-2.15/elf/../sysdeps/i386/dl-procinfo.h
101 24
+3 12
cfi=(18)
cfn=(56)
calls=4 -70 
* 64
* 36
cfi=(18)
cfn=(56)
calls=12 -70 
* 284
* 32
-2 48
fe=(33)
260 4
+19 4
-19 12
cfi=(21)
cfn=(68)
calls=4 82 
* 72
+4 4
+15 8
-19 4
+4 28
+1 4
+14 4
-15 8
+15 4
-25 4
+25 4
-25 4
+25 4
-25 8
+25 8
-25 4
+25 527
cfn=(136)
calls=37 140 
* 4342
* 161
+21 28
fi=(34)
105 4
fe=(33)
258 40
-61 4
cfi=(28)
cfn=(132)
calls=1 44 
* 103
+8 1
-8 1
+8 5
+1 6
cfi=(3)
cfn=(32)
calls=1 58 
* 40
* 2
+4 2
+3 3
+3 2
+1 2
-1 1
+1 1
+1 5
cfi=(3)
cfn=(32)
calls=1 58 
* 43
* 2
+18 3
+43 52
cfn=(136)
calls=4 140 
* 470
* 84
+16 16
-16 104

fl=(32)
fn=(128)
47 16
+3 16
-3 16
cfi=(3)
cfn=(4)
calls=16 +5 
* 32
* 16
+3 112
+34 2
-34 45
+34 30

fl=(36) /build/buildd/eglibc-2.15/string/../sysdeps/i386/i686/multiarch/../memmove.S
fn=(140) memmove
53 2
+3 2
+1 2
+2 2
+1 2
+5 2
+1 2
+1 2
+1 2
+2 2
+1 2
+1 2
+1 1
+1 1
+1 1
-1 1
+1 1
+2 3
+2 2
+3 2
+4 2
+5 2

fl=(7)
fn=(12)
861 7
+3 7
-3 14
cfi=(3)
cfn=(4)
calls=7 52 
* 14
* 14
+3 7
-3 14
+3 7
+4 7
+4 14
+2 7
-1 7
+3 21
+1 7
+1 14
+2 7
+1 7
+2 7
+2 7
-1 7
+1 7
-7 7
+7 7
+14 42

fn=(170)
716 3963
476 1321
716 6605
477 2642
716 1321
cfi=(3)
cfn=(4)
calls=1321 52 
* 2642
* 2642
477 3963
+1 1321
-1 1321
+1 3963
-1 1321
+1 1321
-1 2642
+1 49271
-1 49271
+1 147813
-1 49271
+1 49271
-1 98542
726 1321
-4 1321
-4 1321
+8 1321
-7 2642
+7 3927
+5 1321
+2 1321
-2 1321
+2 1321
-2 1321
-1 1321
+7 9247
+8 64
-8 64
+2 27741
cfn=(172) do_lookup_x
calls=1321 82 
* 566833
+3 2642
-5 2642
+33 2642
+23 5220
+1 7830
+35 5220
+14 3915
+3 5220
+5 2610
+2 9247
-81 128
+17 16
+1 16
-1 16
+1 16
+54 2

fn=(172)
82 6605
-5 2642
+5 3963
cfi=(3)
cfn=(4)
calls=1321 -30 
* 2642
* 2642
-5 9247
+6 1321
+5 1321
230 1321
114 1321
-25 1321
+25 1321
230 2642
114 1321
-16 1321
-3 1321
+1 1321
+2 2642
+3 1321
-3 1321
+3 1321
-3 2948
-3 2948
+1 2948
+2 5896
+3 2948
-3 2948
+3 2948
+4 8544
+4 8536
+4 8536
+7 17072
+4 12804
+1 12804
226 4268
+1 8536
+4 8536
+3 4268
-5 4268
+5 4268
+4 4268
-4 8536
+4 4268
-1 8536
+1 4268
-1 8536
+21 2964
+24 5928
462 26319
+1 306
cfi=(28)
cfn=(98)
calls=153 305 
* 9633
* 459
+3 8892
+3 16
+1 102
282 1
+2 2
+3 8040
+17 3762
+1 2508
470 1254
306 1254
470 6270
304 150
+1 100
470 50
306 50
470 250
291 2664
+5 51
+36 204
+3 102
cfi=(2)
cfn=(52)
calls=51 843 
* 153
+2 51
+1 51
-1 102
+2 51
-1 51
+1 102
+2 100
+1 50
-1 50
+1 50
-1 50
+1 150
77 150
342 50
+3 150
-3 46
+3 138
+20 326
+4 76
-4 76
+4 106
-24 60
+1 30
-1 222
+1 96
-1 96
+1 6
cfi=(18)
cfn=(56)
calls=1 34 
* 242
* 4
+2 2
+5 3
+1 2
+7 3
cfi=(2)
cfn=(54)
calls=1 849 
* 3
+1 2
+8 138
+3 294
+62 100
+13 100
+2 100
cfi=(2)
cfn=(54)
calls=50 849 
* 150
+2 50
-12 650
cfn=(194) enter.8871
calls=50 316 
* 2676
+3 250
-63 6
cfi=(28)
cfn=(196)
calls=2 -56 
* 154
+1 2
-1 2
+1 4
cfi=(16)
cfn=(38)
calls=2 104 
* 138
+2 4
-2 2
+2 2
+7 4
-3 2
+3 8
+1 276
+1 700
cfn=(194)
calls=70 -76 
* 2754
-2 370
+6 8
cfi=(16)
cfn=(198) free
calls=2 121 
* 28
+1 2
+1 2
+1 2
-2 2
+2 2
+1 10
+16 2
+10 3
cfi=(16)
cfn=(38)
calls=1 104 
* 109
+1 1
-1 1
+1 1
+3 1
-5 1
+5 1
+2 1
-1 1
+1 2
241 4215
-1 2810
+2 2810
+2 1393
+6 1393
-6 1393
+6 2786
+4 9736
-7 14952
+2 7830
+1 5220
cfn=(174) check_match.8823
calls=1305 132 
* 198918
+1 5218
+12 178

fn=(194)
316 360
+1 120
-1 360
+1 120
+1 120
-1 120
+1 120
-1 120
+1 360
-5 240
+10 120
-10 360
+10 53
-10 159
+6 84
+3 84
-3 84
+3 115
-3 612
+7 240
+1 240
+1 240
+1 240
+1 600
-7 159

fn=(174)
132 9135
+1 1305
-1 1305
cfi=(3)
cfn=(4)
calls=1305 -80 
* 2610
* 1305
+1 1305
+2 2610
+2 3915
-2 2610
+12 3915
+3 2910
cfi=(18)
cfn=(56)
calls=50 34 
* 5982
* 100
+5 1305
-1 1305
+1 1305
-1 1305
+1 1305
+2 2606
+19 2606
+1 9121
+46 9135
-18 4
+2 4
+1 2
-1 2
+1 2
-1 2
+1 4
-1 4
+4 2
+1 5
-34 7818
cfi=(18)
cfn=(56)
calls=1303 34 
* 114251
* 3909
+36 1
+2 2
-81 3906

fl=(16)
fn=(38)
104 102
+7 17
-3 17
+3 17
-7 17
cfi=(3)
cfn=(4)
calls=17 -52 
* 34
* 17
+4 17
+3 34
+4 34
cfn=(42)
calls=17 -20 
* 909
+1 85

fn=(42)
95 76
cfi=(3)
cfn=(4)
calls=38 -43 
* 76
* 76
+1 152
cfn=(46)
calls=38 -43 
* 1421
+1 114

fn=(80)
320 28
cfi=(3)
cfn=(4)
calls=4 52 
* 8
* 4
+3 16
+2 8
+1 4
-1 4
+1 4
+4 18
+5 4
-5 171
+5 232
+2 472
+8 59
-15 179
+18 4
+4 28

fn=(46)
53 156
cfi=(3)
cfn=(4)
calls=39 -1 
* 78
* 156
+1 156
+11 39
+1 39
-1 39
+3 78
-3 39
+3 179
+4 16
+1 8
+6 28
cfi=(23)
cfn=(74)
calls=4 -44 
* 92
+2 8
+2 12
+2 12
+3 4
+1 4
+2 24
-3 35
+1 35
+2 210
-31 3
+1 1
-2 3

fn=(198)
121 6
cfi=(3)
cfn=(4)
calls=2 -69 
* 4
* 6
+2 4
+7 8

fl=(31) /build/buildd/eglibc-2.15/elf/dl-deps.c
fn=(120) _dl_map_object_deps
149 7
+1 1
+22 1
-22 3
+15 1
-16 1
+1 3
+15 1
+1 1
-2 1
+2 1
+6 1
-23 1
cfi=(3)
cfn=(4)
calls=1 -97 
* 2
* 1
+23 3
+10 2
-14 1
+14 2
-36 1
+36 3
+1 1
-1 1
-18 1
+2 1
-1 1
+7 1
+10 1
-10 3
+10 7
+23 1
-19 3
+21 1
-2 1
349 1
208 4
349 1
212 1
+1 1
-1 1
+5 1
+4 3
-9 6
+1 6
-1 6
+5 6
+4 18
+12 21
+2 5
+11 5
-4 5
-1 5
-6 5
+7 5
-7 5
+5 5
+3 10
+3 35
+50 33
+1 40
-51 520
+1 260
+6 66
cfi=(24)
cfn=(76)
calls=11 49 
* 1070
* 33
+2 11
+4 22
-1 66
cfi=(26) /build/buildd/eglibc-2.15/elf/dl-error.c
cfn=(88) _dl_catch_error
calls=11 -98 
* 27927
+2 11
-2 11
+2 22
+15 11
+2 22
+11 5
-6 15
+8 5
-3 5
-2 5
+1 5
+2 5
+4 30
-59 12
-19 2
477 21
+2 20
+3 5
-1 15
cfi=(16)
cfn=(42)
calls=5 95 
* 230
+2 10
-2 5
+2 5
+4 5
-1 5
+1 35
cfi=(17)
cfn=(48)
calls=5 44 
* 143
+1 35
cfi=(17)
cfn=(48)
calls=5 44 
* 143
+4 5
-1 5
+5 35
+2 7
+1 44
222 50
+2 5
+2 5
-2 5
+2 15
+2 28
499 1
206 1
499 2
+4 5
+1 2
+3 5
+11 2
-1 2
cfi=(16)
cfn=(42)
calls=1 95 
* 46
+3 1
-3 1
+3 1
+5 3
+1 2
-1 1
+1 2
-1 1
+1 1
+4 28
+4 28
+4 7
-10 21
+13 3
+51 6
+2 4
+43 1
+1 1
-6 1
+5 6
+1 4
cfi=(30)
cfn=(114)
calls=1 52 
* 23
* 1
146 1
636 2
+2 1
146 1
638 1
146 1
642 2
+1 1
-1 1
+7 1
-6 1
+6 1
-6 2
+6 1
-7 12
+1 6
-1 6
+7 6
-6 6
+6 6
-6 12
+6 6
146 30
651 12
+1 12
-1 22
+1 28
+3 87
-1 117
+23 32
-28 32
+31 24
+3 40
cfi=(30)
cfn=(114)
calls=5 52 
* 116
* 20
213 2
660 2
-1 2
+1 1
-1 9
cfi=(36)
cfn=(140)
calls=1 53 
* 20
+2 1
+2 1
-2 1
+2 3
+20 1
+7 3
+2 1
+1 1
+8 1
-9 1
+9 2
+3 3
+3 6
-38 2
+1 9
cfi=(36)
cfn=(140)
calls=1 53 
* 20
+2 3
+2 1
299 476
630 8
cfi=(17)
cfn=(48)
calls=1 44 
* 33
+2 3

fn=(122) openaux
62 11
+3 11
-3 44
+7 11
-2 11
-2 11
+2 11
-2 110
cfi=(20)
cfn=(96)
calls=11 2276 
* 26981
* 22
+5 55

fl=(39) /build/buildd/eglibc-2.15/elf/dl-reloc.c
fn=(164) _dl_relocate_object
154 56
cfi=(3)
cfn=(4)
calls=7 52 
* 14
* 14
+10 21
+1 14
+4 7
-4 7
+4 7
+1 35
+6 14
+6 21
+4 14
+8 21
-33 7
+78 7
fi=(5)
104 7
fe=(39)
239 14
fi=(5)
104 7
fe=(39)
265 400
152 35
fi=(6) /build/buildd/eglibc-2.15/elf/do-rel.h
-45 14
-40 7
-11 7
fe=(39)
265 7
fi=(6)
56 7
+11 7
fe=(39)
265 7
fi=(6)
55 7
+12 21
-11 7
fe=(39)
265 7
fi=(6)
56 7
+11 7
fe=(39)
265 7
fi=(6)
55 7
+12 14
+3 12
fi=(5)
384 18
655 6
-1 12
+1 6
+2 12
-2 745
-1 1490
+1 745
+2 1490
+2 2988
+1 1494
fi=(6)
70 2295
+99 14
fe=(39)
+96 343
fi=(5)
603 7
fe=(39)
265 14
fi=(5)
603 7
fi=(6)
93 7
-37 7
-1 7
+1 7
+39 7
+12 7
-15 14
+3 21
+12 7
-14 7
-37 7
-1 7
+1 7
+39 7
+12 7
-15 14
+3 21
+12 7
+10 42
+10 42
+3 12
+3 12
-3 12
+3 12
+36 14
fe=(39)
+96 28
+3 21
+40 7
+3 21
+17 21
+1 14
cfn=(188) _dl_protect_relro
calls=7 +6 
* 273
* 7
+1 42
fi=(5)
104 18
+6 12
+4 18
+13 6
-8 6
+8 12
+13 18
fe=(39)
+44 42
fi=(6)
-91 8
+14 16
-14 8
+2 8
-2 16
+14 8
+7 18
+6 10
fi=(5)
633 5
fi=(6)
121 5
fi=(5)
633 5
fi=(6)
121 5
fe=(39)
+31 15
fi=(6)
-31 3578
fi=(5)
633 3578
fi=(6)
120 1794
fi=(5)
634 1794
fi=(6)
120 3588
+7 32
+3 7
+3 7
-3 7
+3 7
fi=(5)
460 24
fi=(6)
145 12
+2 6
-2 6
fi=(5)
311 6
fi=(6)
145 12
+1 6
+1 6
-1 6
fi=(5)
311 6
fi=(6)
145 6
+3 12
fi=(5)
314 6
fi=(6)
147 6
-1 6
+2 6
-2 6
fi=(5)
314 6
fi=(6)
145 4442
+2 2221
-2 2221
fi=(5)
311 2221
fi=(6)
145 4442
+1 2221
+1 2221
-1 2221
fi=(5)
311 2221
fi=(6)
145 2221
+3 4442
fi=(5)
314 2221
fi=(6)
147 2221
-1 2221
+2 2221
-2 2221
fi=(5)
314 2221
+17 6681
+7 43166
fi=(6)
146 1215
fi=(5)
338 3645
fi=(6)
146 1215
fi=(5)
338 3645
fi=(6)
147 1215
fi=(5)
338 4868
fi=(6)
146 8
fi=(5)
338 24
fi=(6)
146 8
fi=(5)
338 24
fi=(6)
147 8
fi=(5)
338 20823
cfi=(7)
cfn=(170)
calls=1223 716 
* 1060281
* 7338
+1 11107
+2 4454
+1 8852
+6 4454
449 3
+4 5
+1 1
+11 7
cfi=(17)
cfn=(48)
calls=1 44 
* 30
fi=(6)
133 4
fi=(5)
348 8908
+98 1833
fi=(6)
133 1833
fi=(5)
446 1833
fi=(6)
133 3668
fi=(5)
365 10
+1 10
fi=(6)
133 5
fi=(5)
366 5
fi=(6)
133 10
fi=(5)
366 375
fi=(6)
133 375
fi=(5)
366 375
fi=(6)
133 753
fi=(5)
433 33
+2 33
+1 11
fi=(6)
133 11
fi=(5)
436 33
fi=(6)
133 11
fi=(5)
436 11
fi=(6)
133 11
fi=(5)
373 6
+1 2
fi=(6)
133 2
fi=(5)
374 4
fi=(6)
133 4
fe=(39)
265 34
152 28
265 42
fi=(6)
-96 1
fi=(5)
460 2
fi=(6)
169 2
+10 1
+1 3
-1 1
fi=(5)
311 1
fi=(6)
179 3
fi=(5)
314 1
-3 1
fi=(6)
179 1
fi=(5)
314 1
fi=(6)
179 2
+1 6
-1 2
fi=(5)
311 2
fi=(6)
179 6
fi=(5)
314 2
-3 2
fi=(6)
179 2
fi=(5)
314 2
+17 9
+7 123
cfi=(7)
cfn=(170)
calls=3 716 
* 2090
* 21
+1 15
+2 6
+1 4
+6 18
-10 21
fi=(6)
169 10
fi=(5)
366 9
fi=(6)
120 24
+49 4
fe=(39)
+96 70
fi=(5)
665 8
338 29722
712 8
+2 12
+1 12
+1 4
cob=(3)
cfi=(45) /build/buildd/eglibc-2.15/wcsmbs/../sysdeps/i386/i686/multiarch/wcslen.S
cfn=(186) wcslen
calls=1 37 
* 13
cob=(3)
cfi=(44) /build/buildd/eglibc-2.15/string/../sysdeps/i386/i686/multiarch/memrchr.S
cfn=(184) memrchr
calls=1 45 
* 14
cob=(3)
cfi=(43) /build/buildd/eglibc-2.15/string/../sysdeps/i386/i686/multiarch/strncase.S
cfn=(182) strncasecmp
calls=1 27 
* 15
cob=(3)
cfi=(40) /build/buildd/eglibc-2.15/string/../sysdeps/i386/i686/multiarch/strnlen.S
cfn=(176) strnlen
calls=1 37 
* 83
+1 8
fe=(39)

fn=(188)
335 7
+1 7
-1 14
cfi=(3)
cfn=(4)
calls=7 52 
* 14
* 7
+1 7
-1 14
+2 14
-1 14
+2 14
+3 14
+1 35
cfi=(46)
cfn=(190) mprotect
calls=7 82 
* 70
* 14
+6 28

fl=(17)
fn=(48)
44 25
+1 25
+1 25
+1 25
+2 25
+1 25
+1 25
+1 25
+1 25
+1 25
+2 17
+1 17
+2 17
+1 17
+11 17
+1 17
+1 17
+1 17
+1 94
+2 17
+1 27
+2 17
+2 17
+1 17
+1 17
+4 17
-6 8
+1 8
+1 8
+4 8
+6 8
+1 8
+1 4
+1 4
+1 4
-1 4
+1 4
+1 7
+1 45
+2 8

fl=(11)
fn=(22)
47 24
+2 24
+2 24
+2 24
+1 12
+2 11
+1 11
+2 10
+1 10
+2 10
+2 10
+1 10
+2 10
+2 8
+1 8
+2 8
+1 8
+26 8
+1 8
+2 8
+1 8
+2 8
+1 8
-7 35
+1 35
+2 35
+1 35
+2 35
+1 35
+2 41
+2 41
+2 41
+3 40
+1 40
+2 40
+1 40
+2 40
+1 40
+2 39
+2 39
+2 39
+3 34
+1 34
+2 34
+1 34
+2 34
+1 34
+2 31
+2 31
+2 31
+3 30
+1 30
+2 30
+1 30
+2 30
+1 30
+2 25
+2 25
+2 25
+3 23
+1 23
+2 23
+1 23
+2 22
+1 22
+2 22
+2 11
+1 11
+2 11
+1 11
+2 3
+3 3
+4 3
-4 21
+4 21

fl=(27) /build/buildd/eglibc-2.15/setjmp/../sysdeps/i386/setjmp.S
fn=(92) __sigsetjmp
34 12
+4 12
+1 12
+1 12
+1 12
+4 12
+1 12
+4 12
+2 12
+4 12
+1 12

fl=(1) ???
fn=(0) 0x000011d0
0 2
cfi=(2)
cfn=(2) _dl_start
calls=1 368 
0 1370180
0 2
cfn=(210) 0x000011c0
calls=1 0 
0 2
0 17
cfi=(47) /build/buildd/eglibc-2.15/elf/dl-init.c
cfn=(214) _dl_init
calls=1 93 
0 13274
0 3
cob=(8) /home/karen/GitHub/AI/src/main
cfi=(64) ???
cfn=(484) 0x08048c18
calls=1 0 
0 30043942543

fn=(210)
0 2

fn=(910) _dl_sysinfo_int80
0 3322

fl=(37) /build/buildd/eglibc-2.15/elf/dl-version.c
fn=(148) _dl_check_map_versions
180 56
+15 14
-15 7
cfi=(3)
cfn=(4)
calls=7 52 
* 14
* 14
+15 14
+4 7
-2 7
+2 7
+3 7
-2 7
-3 7
+5 7
-2 7
+2 7
+3 20
+4 5
-4 5
+4 30
+17 10
62 10
226 10
62 20
226 12
62 12
226 12
62 46
+1 47
-1 94
+2 174
cfi=(28)
cfn=(98)
calls=58 305 
* 4458
* 116
230 22
+4 33
+5 44
+20 20
-16 573
cfn=(150) match_symbol
calls=7 82 
* 1493
* 216
cfn=(150)
calls=24 82 
* 4316
* 31
+8 31
-8 31
+8 31
-8 93
+11 93
+9 44
+5 12
+1 6
-80 2
-8 2
+96 21
+3 20
+3 10
-3 15
+6 25
+4 5
-7 10
+7 10
-4 15
+4 76
-7 152
+7 152
-4 233
+8 21
+87 14
-81 36
cfi=(16)
cfn=(38)
calls=6 104 
* 454
-1 6
+2 6
-1 6
-1 6
+2 6
+11 6
+2 6
-5 6
+3 6
+2 6
-2 6
+2 6
+3 20
+4 44
+18 20
-15 20
+2 80
-2 11
+2 44
+2 62
+1 31
-1 31
+1 31
+1 31
-2 31
+3 31
-1 62
+1 93
+3 104
+8 33
+5 6
+1 6
+4 18
+3 30
+20 81
-14 81
-2 81
+2 86
-2 5
+2 5
+4 81
+2 81
-1 243
+1 81
-1 162
+1 81
+1 81
+3 258
+10 35

fn=(150)
82 217
cfi=(3)
cfn=(4)
calls=31 -30 
* 62
* 62
+1 31
-1 31
+1 31
+8 31
-8 31
+8 31
+6 124
+15 31
+1 62
+2 62
+5 62
+14 512
+12 675
+4 225
-30 450
+19 248
cfi=(18)
cfn=(56)
calls=31 34 
* 2490
* 93
+3 31
+32 217

fn=(146) _dl_check_all_versions
387 3
+2 1
-2 4
cfi=(3)
cfn=(4)
calls=1 52 
* 2
* 1
+4 1
-4 1
+4 3
+1 21
+1 28
cfn=(148)
calls=7 180 
* 15978
-2 7
+1 28
-1 14
+5 7

fl=(2)
fn=(28) process_envvars
2561 6
cfi=(3)
cfn=(4)
calls=1 52 
* 2
* 3
+8 2
-7 1
+7 1
-7 1
+7 2
-4 1
2727 1
2564 1
+5 1
2727 2
2571 2
cfi=(13) /build/buildd/eglibc-2.15/elf/dl-environ.c
cfn=(30) _dl_next_ld_env_entry
calls=1 30 
* 67
* 4
cfi=(13)
cfn=(30)
calls=2 30 
* 248
* 9
+4 46
+1 19
-1 57
+3 4
+6 12
2733 2
+4 3
+33 2
+22 6
2660 6
cfi=(3)
cfn=(32)
calls=1 58 
* 35
* 3
-53 6
cfi=(3)
cfn=(32)
calls=1 58 
* 30
* 3
+7 6
cfi=(3)
cfn=(32)
calls=1 58 
* 36
* 3
+2 2
+1 1
+45 2
+1 1

fn=(90) _dl_initial_error_catch_tsd
801 13
cfi=(21)
cfn=(70) 0x00018ba7
calls=13 84 
* 26
* 13
+3 26

fn=(2)
368 7
cfi=(3)
cfn=(4)
calls=1 52 
* 2
* 2
+18 2
fi=(4)
121 1
fi=(5)
-61 1
fe=(2)
386 1
fi=(5)
60 2
fe=(2)
415 1
fi=(4)
121 1
fe=(2)
412 1
fi=(4)
121 4
+7 20
+1 12
+10 4
fe=(2)
367 8
fi=(4)
121 12
+2 36
+15 13
+1 13
fe=(2)
367 26
fi=(4)
121 39
+18 1
fe=(2)
367 2
fi=(4)
121 4
+25 2
+20 4
+1 4
+1 4
+1 4
+5 4
+2 4
+1 4
+1 4
+6 3
+3 2
+13 3
+1 3
+4 3
+2 3
+3 3
+1 3
fe=(2)
543 3
291 1
550 1
291 82
+12 2
cfi=(7)
cfn=(12)
calls=1 861 
* 37
+1 2
+1 2
+1 2
+1 2
+21 2
+10 3
-10 1
+4 1
+6 2
cfi=(8)
cfn=(14)
calls=1 89 
* 1369379
* 1
+9 1
+3 2
+4 1
-4 2
+4 1
575 7
fi=(4)
130 4
+3 4
fe=(2)
548 30
fi=(6)
93 1
-1 2
+3 2
+25 2
fi=(5)
633 1
fi=(6)
121 1
fi=(5)
633 1
fi=(6)
121 1
fe=(2)
367 2
fi=(6)
121 20
fi=(5)
633 20
fi=(6)
120 11
fi=(5)
634 11
fi=(6)
120 22
+5 3
+8 2
fi=(5)
404 3
fi=(6)
133 3
+13 1
fi=(5)
339 1
fi=(6)
148 2
-2 1
fi=(5)
311 1
fi=(6)
146 3
fi=(5)
311 1
+28 2
+3 4
fi=(6)
146 7
fi=(5)
339 7
fi=(6)
148 14
-2 7
fi=(5)
311 7
fi=(6)
146 21
fi=(5)
311 7
+28 14
+3 28
+6 56
fi=(4)
136 4
+1 1
+1 3
fi=(5)
352 8
fi=(6)
133 25
fe=(2)

fn=(52)
843 58
+1 58
+1 58

fn=(54)
849 58
+1 58
+1 58

fn=(144) version_check_doit
663 1
+2 1
-2 2
cfi=(3)
cfn=(4)
calls=1 52 
* 2
* 3
+2 3
cfi=(37)
cfn=(146)
calls=1 387 
* 16099
* 2
+4 4

fn=(160) security_init
857 3
cfi=(3)
cfn=(4)
calls=1 52 
* 2
* 2
+2 1
fi=(38) /build/buildd/eglibc-2.15/elf/../sysdeps/unix/sysv/linux/dl-osinfo.h
74 2
+23 1
+2 2
fe=(2)
861 1
+6 3
+2 1
fi=(38)
114 2
+11 1
fe=(2)
872 1
+2 1
+6 1
+1 4

fn=(26)
896 6
cfi=(3)
cfn=(4)
calls=1 52 
* 2
* 2
+19 2
+3 2
+4 2
+1 2
+5 2
+3 2
cfn=(28)
calls=1 2561 
* 639
+7 4
1126 7
cfi=(14)
cfn=(34)
calls=1 63 
* 275
* 1
+2 1
-2 1
+2 1
+1 2
+1 1
+1 2
-2 1
+6 1
-5 1
+1 2
+4 2
cfi=(14)
cfn=(50)
calls=1 34 
* 46
+1 2
905 1
1157 1
+8 1
-3 1
+3 3
-8 1
+1 1
+2 1
+5 1
+56 1
-34 1
+21 1
+13 1
902 1
1187 1
+34 2
-13 3
-42 24
-1 27
+1 47
-1 3
1268 4
+3 2
+2 2
+2 3
+13 3
+1 8
cfi=(18)
cfn=(56)
calls=1 34 
* 9
* 2
+17 2
fi=(4)
106 2
+9 2
+4 1
+2 1
-2 1
+2 6
+3 42
-3 21
+18 21
fe=(2)
892 42
fi=(4)
121 67
+18 4
fe=(2)
892 8
fi=(4)
121 12
+2 50
+5 16
+1 15
fe=(2)
1261 2
+1 2
+1 1
-6 2
+1 1
-88 3
+1 1
+50 6
-1 2
+2 4
+1 1
+3 2
+1 2
-1 2
+1 2
+1 2
+1 6
+1 2
-43 1
-2 2
+2 1
+7 1
-10 1
+10 2
+18 2
-37 3
+1 1
fi=(4)
146 4
+38 4
+7 3
+5 4
+4 4
+1 3
+12 4
+14 4
+7 4
fe=(2)
1311 2
cfi=(7)
cfn=(12)
calls=1 861 
* 37
+3 2
+20 3
+94 1
cfi=(9)
cfn=(60) _dl_discover_osversion
calls=1 67 
* 100
* 8
+5 2
cfi=(20)
cfn=(64)
calls=1 712 
* 4042
+3 3
cfi=(25)
cfn=(82)
calls=1 49 
* 32
* 1
+2 1
+5 3
+4 1
+1 1
+2 1
-2 1
-1 3
+1 2
+3 2
+5 1
-7 1
+7 1
+5 1
+2 2
+2 1
-1 1
892 2
1465 1
+4 1
+1 2
+1 2
-1 1
+1 2
+2 2
+1 2
+5 3
+5 3
911 1
1665 4
+3 2
+4 3
+5 2
+1 1
cfi=(25)
cfn=(84)
calls=1 77 
* 1
+4 3
+15 4
+4 3
+31 5
cfi=(21)
cfn=(68)
calls=1 82 
* 18
* 2
+77 4
+17 2
+1 3
-1 1
+1 6
cfi=(31)
cfn=(120)
calls=1 149 
* 32795
* 1
+1 1
+2 3
+3 1
-3 1
+3 5
+1 3
-1 2
+1 18
-1 12
+4 3
+1 3
+1 1
+2 2
+1 18
-1 15
+47 2
+2 1
-2 2
+1 3
-1 1
+2 1
-1 1
+1 2
cfi=(26)
cfn=(142) _dl_receive_error
calls=1 198 
* 16156
+11 1
-1 1
+1 1
-1 1
+1 1
+3 3
+3 1
cfn=(160)
calls=1 857 
* 28
+2 3
2137 4
+56 2
+11 1
-11 1
+4 3
+4 1
-4 2
+4 1
+3 1
+8 2
1296 1
+3 1
-5 1
+3 1
+2 2
+1 2
+4 2
fi=(4)
130 4
fe=(2)
2258 5
+7 1
+2 2
+1 1
-1 1
+1 3
+1 1
+2 7
-2 7
+2 21
+5 14
+2 14
+5 7
+2 14
+1 66
cfi=(39)
cfn=(164)
calls=6 154 
* 1301148
+4 25
+1 4
cfi=(35)
cfn=(192)
calls=2 817 
* 52
* 7
-22 16
+24 1
+2 3
+6 1
-6 1
+6 2
+9 5
+1 1
+5 2
cfi=(35)
cfn=(200)
calls=1 377 
* 225
+4 2
+14 3
+2 4
+15 2
+3 1
-1 1
+1 1
-3 1
+3 6
cfi=(39)
cfn=(164)
calls=1 154 
* 7092
+1 1
+2 4
+8 1
cfi=(8)
cfn=(202)
calls=1 252 
* 1
+4 3
+20 3
cfi=(25)
cfn=(82)
calls=1 49 
* 25
+1 1
+1 1
cfi=(25)
cfn=(84)
calls=1 77 
* 1
+4 1
cfi=(33)
cfn=(204)
calls=1 309 
* 27
+5 6
fi=(4)
133 4
fe=(2)
1842 1
+13 1
-1 1
+1 1
-1 1
+1 1
+2 1
+2 3
+2 1
-4 1
+5 1
-1 2
+14 2
+1 2
+1 3
2139 1
904 2
1852 2
1330 3
fi=(4)
136 4
+1 1
+1 3
fe=(2)
1457 4
-11 4
729 1
-4 1
+4 1
-4 1
+4 2
cfn=(152) init_tls.part.3
calls=1 -7 
* 765
* 2
1708 2
cfi=(11)
cfn=(22)
calls=1 47 
* 129
* 10
cfi=(17)
cfn=(48)
calls=1 44 
* 32
* 1
+3 2
+7 2
-7 2
-12 2
+19 1
-4 4
cfi=(16)
cfn=(80)
calls=1 320 
* 890
* 4
cfi=(16)
cfn=(80)
calls=1 320 
* 26
* 6
+1 2
+1 3
+2 5
cfn=(86) do_preload
calls=1 810 
* 2916
* 2
+2 1
+1 2
+1 3
fi=(4)
191 2
fe=(2)
2280 1
+1 1
-3 2
1813 4
+1 1
-1 3
+4 1
+1 1
-1 1
+2 2
+1 2

fn=(94) map_doit
631 1
+2 1
-2 2
+2 7
cfi=(20)
cfn=(96)
calls=1 2276 
* 2807
* 2
+2 3

fn=(86)
810 5
cfi=(3)
cfn=(4)
calls=1 52 
* 2
* 2
+6 1
+6 3
-5 1
+5 1
-10 1
+6 1
+4 1
-2 1
+2 3
cfi=(26)
cfn=(88)
calls=1 160 
* 2882
* 2
+1 2
+10 3
+4 5

fn=(152)
722 3
cfi=(3)
cfn=(4)
calls=1 52 
* 2
* 2
+17 1
-4 1
+4 3
cfi=(16)
cfn=(38)
calls=1 104 
* 69
-4 1
+15 1
-12 1
-3 1
+11 1
+4 1
+2 1
-1 2
+3 14
+4 2
+2 2
-7 2
-1 4
+1 5
-1 12
+10 2
+3 1
cfi=(35)
cfn=(154)
calls=1 113 
* 126
+7 1
cfi=(35)
cfn=(156)
calls=1 329 
* 474
+1 1
-1 1
+1 1
+6 1
+8 1
-8 1
+8 13
+3 1
-3 4
+4 1
+3 5

fl=(30)
fn=(114)
52 13
+1 13
+2 13
+1 13
+5 13
+2 13
+1 13
+2 13
+1 13
+1 4
+1 3
+1 3
+1 3
+1 3
+1 3
+1 3
+1 2
+1 2
+3 11
+1 11
+1 11
+2 11
+2 473
+2 11
+1 23
+5 13
+3 13
+8 13

fl=(9)
fn=(60)
67 5
cfi=(3)
cfn=(4)
calls=1 -15 
* 2
* 2
+2 4
+40 3
cfi=(19) /build/buildd/eglibc-2.15/posix/../sysdeps/unix/syscall-template.S
cfn=(62) uname
calls=1 -27 
* 8
+15 1
-15 2
+20 1
-1 1
+3 15
+2 6
+2 3
-2 6
+2 9
+7 3
-1 3
+2 3
+2 13
+8 1
+1 7
-4 2

fl=(21)
fn=(68)
82 48
+1 12
cfn=(70)
calls=6 +1 
* 12
* 36

fn=(118)
82 42
+1 6

fn=(70)
84 76

fn=(108)
82 45
+1 5

fn=(106)
82 225
+1 44
cfn=(70)
calls=19 +1 
* 38
* 114

fl=(23)
fn=(74)
35 17
+2 17
+2 17
+2 17
+3 17
+2 17
+1 17
+1 17
+2 17
+2 17
+2 17
+1 17
+1 17
+1 17
+2 17
+3 17
+3 17
+3 17
+3 17
+3 17
+24 17
+1 17
+4 17

fl=(46)
fn=(190)
82 63
+1 7

fn=(206)
82 8
+1 1

fl=(12)
fn=(24)
35 3
cfi=(3)
cfn=(4)
calls=1 +17 
* 2
* 4
+8 6
+4 2
+11 6

fl=(22)
fn=(72)
44 62
+1 62
+2 62
+2 62
+2 62
+2 62
+1 62
+1 62
+1 34
+1 34
+1 34
-1 28
+1 28
+1 41
+1 216
+2 62
+2 62
+5 62

fl=(47)
fn=(214)
93 6
cfi=(3)
cfn=(4)
calls=1 -41 
* 2
* 2
+2 1
-2 1
+1 1
-1 1
+5 3
+7 2
+27 1
+1 4
+1 9
cfn=(216) call_init
calls=1 -98 
* 34
* 54
cfn=(216)
calls=6 -98 
* 13034
-1 14
+7 6
-40 7
cfn=(216)
calls=1 -64 
* 89
+1 3

fn=(216)
36 56
+1 8
-1 8
cfi=(3)
cfn=(4)
calls=8 +16 
* 16
* 16
+1 16
+9 7
-3 21
+3 28
+5 18
+5 10
+8 10
+2 10
+4 25
cob=(2)
cfi=(15)
cfn=(316)
calls=1 -70 
* 10
cob=(2)
cfi=(15)
cfn=(284)
calls=1 -70 
* 10
cob=(2)
cfi=(15)
cfn=(262)
calls=1 -70 
* 42
cob=(3)
cfi=(49) /build/buildd/eglibc-2.15/csu/../sysdeps/unix/sysv/linux/init-first.c
cfn=(240) _init
calls=1 -17 
* 155
cob=(2)
cfi=(15)
cfn=(218)
calls=1 -70 
* 42
* 5
+4 5
+1 10
+6 3
+2 3
-2 3
+2 9
-2 3
+3 30
+1 21
cob=(7) /usr/lib/i386-linux-gnu/libstdc++.so.6.0.18
cfi=(60) ???
cfn=(320) 0x00046fa0
calls=1 -85 
* 36
cob=(6) /lib/i386-linux-gnu/libgcc_s.so.1
cfi=(59) ???
cfn=(288) __cpu_indicator_init
calls=1 -85 
* 241
cob=(3)
cfi=(53) /build/buildd/eglibc-2.15/elf/dl-altinit.c
cfn=(248) dlinit_alt
calls=1 -44 
* 11
* 70
cob=(7)
cfi=(60)
cfn=(470) 0x00046e20
calls=1 -85 
* 244
cob=(7)
cfi=(60)
cfn=(464) 0x00046ae0
calls=1 -85 
* 89
cob=(7)
cfi=(60)
cfn=(436) 0x00046a20
calls=1 -85 
* 53
cob=(7)
cfi=(60)
cfn=(408) 0x00046960
calls=1 -85 
* 53
cob=(7)
cfi=(60)
cfn=(388) 0x00046820
calls=1 -85 
* 63
cob=(7)
cfi=(60)
cfn=(384) 0x000467d0
calls=1 -85 
* 11
cob=(7)
cfi=(60)
cfn=(334) 0x000467a0
calls=1 -85 
* 4529
cob=(6)
cfi=(59)
cfn=(304) 0x00002600
calls=1 -85 
* 36
cob=(3)
cfi=(56) /build/buildd/eglibc-2.15/libio/oldstdfiles.c
cfn=(260) _IO_check_libio
calls=1 -7 
* 12
cob=(3)
cfi=(54) /build/buildd/eglibc-2.15/string/../sysdeps/x86_64/cacheinfo.c
cfn=(250) init_cacheinfo
calls=1 552 
* 7017
-1 39
+3 48
-35 2
-5 3

fl=(13)
fn=(30)
30 3
+1 3
+1 3
+2 13
+2 88
+11 42
-13 126
+17 9
-14 20
+5 2
-3 2
+3 2
+2 2

fl=(19)
fn=(62)
82 7
+1 1

fl=(18)
fn=(56)
34 1959
+1 1959
+4 1959
+1 1959
+1 1959
-2 15942
+1 15942
+1 15942
+1 17349
+1 17349
+1 17349
+1 17349
+2 1407
+6 1407
+3 552
+1 552
+1 552
+12 552

fl=(26)
fn=(88)
160 36
cfi=(3)
cfn=(4)
calls=12 52 
* 24
* 60
+9 12
+2 12
cfi=(2)
cfn=(90)
calls=12 801 
* 72
* 12
+1 12
+2 12
-2 12
+2 36
cfi=(27)
cfn=(92)
calls=12 34 
* 132
+1 12
-1 12
+1 12
+2 36
+1 36
cfi=(31)
cfn=(122)
calls=11 62 
* 27278
cfi=(2)
cfn=(94)
calls=1 631 
* 2823
+1 36
+1 12
+1 12
-1 12
+2 12
-1 12
+1 12
+10 60

fn=(142)
198 3
cfi=(3)
cfn=(4)
calls=1 52 
* 2
* 7
+1 1
cfi=(2)
cfn=(90)
calls=1 801 
* 6
+5 1
+4 1
-5 1
+4 1
+3 5
cfi=(2)
cfn=(144)
calls=1 663 
* 16117
+2 2
+1 1
+1 2
-2 1
+2 1
-1 1
+1 3

fl=(10)
fn=(18)
36 5
cfi=(3)
cfn=(4)
calls=1 +16 
* 2
* 1
+5 6
+2 1
+8 1
-6 2
+7 4

ob=(7)
fl=(60)
fn=(464)
0 1
cfn=(364) 0x00048008
calls=1 0 
0 2
0 86

fn=(576) std::locale::facet::_S_create_c_locale(__locale_struct*&, char const*, __locale_struct*)
0 4
cfn=(322) 0x00046fdb
calls=1 0 
0 2
0 6
cob=(3)
cfi=(68) /build/buildd/eglibc-2.15/locale/newlocale.c
cfn=(582) newlocale
calls=1 46 
0 39
cob=(1)
cfi=(61)
cfn=(344)
calls=1 29 
0 1170
0 7

fn=(602) std::codecvt<char, char, __mbstate_t>::codecvt(unsigned int)
0 6
cfn=(322)
calls=1 0 
0 2
0 10
cfn=(566) std::locale::facet::_S_get_c_locale()
calls=1 0 
0 18
0 6

fn=(632) std::__timepunct<char>::_M_initialize_timepunct(__locale_struct*)
0 6
cfn=(322)
calls=1 0 
0 2
0 8
cfn=(566)
calls=1 0 
0 18
0 96

fn=(708) std::moneypunct<wchar_t, false>::_M_initialize_moneypunct(__locale_struct*, char const*)
0 8
cfn=(322)
calls=1 0 
0 2
0 102

fn=(780) __dynamic_cast
0 728
cfn=(806) __cxxabiv1::__si_class_type_info::__do_dyncast(int, __cxxabiv1::__class_type_info::__sub_kind, __cxxabiv1::__class_type_info const*, void const*, __cxxabiv1::__class_type_info const*, void const*, __cxxabiv1::__class_type_info::__dyncast_result&) const
calls=18 0 
0 648
cfn=(782) __cxxabiv1::__vmi_class_type_info::__do_dyncast(int, __cxxabiv1::__class_type_info::__sub_kind, __cxxabiv1::__class_type_info const*, void const*, __cxxabiv1::__class_type_info const*, void const*, __cxxabiv1::__class_type_info::__dyncast_result&) const
calls=8 0 
0 1627
0 338

fn=(812) std::num_put<char, std::ostreambuf_iterator<char, std::char_traits<char> > > const& std::use_facet<std::num_put<char, std::ostreambuf_iterator<char, std::char_traits<char> > > >(std::locale const&)
0 8
cfn=(322)
calls=4 0 
0 8
0 20
cfn=(596) std::locale::id::_M_id() const
calls=4 0 
0 56
0 60
cfn=(780)
calls=4 0 
0 308
0 20

fn=(824) std::num_get<char, std::istreambuf_iterator<char, std::char_traits<char> > > const& std::use_facet<std::num_get<char, std::istreambuf_iterator<char, std::char_traits<char> > > >(std::locale const&)
0 8
cfn=(322)
calls=4 0 
0 8
0 20
cfn=(596)
calls=4 0 
0 56
0 60
cfn=(780)
calls=4 0 
0 308
0 20

fn=(1064) std::string::reserve(unsigned int)
0 8
cfn=(322)
calls=1 0 
0 2
0 14
cfn=(1070) std::string::_Rep::_M_clone(std::allocator<char> const&, unsigned int)
calls=1 0 
0 1142
cob=(1)
cfi=(61)
cfn=(344)
calls=1 29 
0 870
0 12

fn=(1076) std::string::_Rep::_S_create(unsigned int, unsigned int, std::allocator<char> const&)
0 10
cfn=(322)
calls=2 0 
0 4
0 32
cfn=(948) operator new(unsigned int)
calls=2 0 
0 444
0 12

fn=(1088) std::basic_string<char, std::char_traits<char>, std::allocator<char> >::basic_string(char const*, unsigned int, std::allocator<char> const&)
0 5
cfn=(322)
calls=1 0 
0 2
0 8
cfn=(1094) char* std::string::_S_construct<char const*>(char const*, char const*, std::allocator<char> const&, std::forward_iterator_tag)
calls=1 0 
0 326
cob=(1)
cfi=(61)
cfn=(344)
calls=1 29 
0 1206
0 5

fn=(1246) std::__detail::_List_node_base::swap(std::__detail::_List_node_base&, std::__detail::_List_node_base&)
0 289339094

fn=(334)
0 2
cfn=(322)
calls=1 0 
0 2
0 3
cfn=(350) std::future_category()
calls=1 0 
0 3719
cob=(1)
cfi=(61)
cfn=(344)
calls=1 29 
0 798
0 5

fn=(384)
0 1
cfn=(364)
calls=1 0 
0 2
0 8

fn=(532) 0x0005d360
0 16
cfn=(322)
calls=8 0 
0 16
0 94
cfn=(540) 0x0005d320
calls=1 0 
0 63402
0 3

fn=(560) std::ctype<char>::ctype(unsigned short const*, bool, unsigned int)
0 7
cfn=(322)
calls=1 0 
0 2
0 12
cfn=(566)
calls=1 0 
0 2426
cob=(1)
cfi=(61)
cfn=(344)
calls=1 29 
0 920
0 196

fn=(590) std::locale::_Impl::_M_install_facet(std::locale::id const*, std::locale::facet const*)
0 196
cfn=(322)
calls=28 0 
0 56
0 196
cfn=(596)
calls=28 0 
0 672
cob=(1)
cfi=(61)
cfn=(344)
calls=1 29 
0 811
0 7196

fn=(762) std::locale::~locale()
0 12
cfn=(322)
calls=4 0 
0 8
0 68

fn=(774) bool std::has_facet<std::ctype<char> >(std::locale const&)
0 12
cfn=(322)
calls=4 0 
0 8
0 20
cfn=(596)
calls=4 0 
0 56
0 68
cfn=(780)
calls=4 0 
0 1527
cob=(1)
cfi=(61)
cfn=(344)
calls=1 29 
0 714
0 24

fn=(782)
0 56
cfn=(322)
calls=8 0 
0 16
0 360
cob=(3)
cfi=(80) /build/buildd/eglibc-2.15/string/../sysdeps/i386/i686/multiarch/strcmp-ssse3.S
cfn=(792) __strcmp_ssse3
calls=8 225 
0 64
cob=(1)
cfi=(61)
cfn=(344)
calls=1 29 
0 1099
0 32

fn=(798) std::ctype<char> const& std::use_facet<std::ctype<char> >(std::locale const&)
0 8
cfn=(322)
calls=4 0 
0 8
0 20
cfn=(596)
calls=4 0 
0 56
0 60
cfn=(780)
calls=4 0 
0 428
0 20

fn=(830) std::basic_filebuf<char, std::char_traits<char> >::basic_filebuf()
0 5
cfn=(322)
calls=1 0 
0 2
0 16
cfn=(530) std::locale::locale()
calls=1 0 
0 47
0 13
cfn=(836) std::__basic_file<char>::__basic_file(pthread_mutex_t*)
calls=1 0 
0 4
cob=(1)
cfi=(61)
cfn=(344)
calls=1 29 
0 974
0 23
cfn=(842) bool std::has_facet<std::codecvt<char, char, __mbstate_t> >(std::locale const&)
calls=1 0 
0 124
cob=(1)
cfi=(61)
cfn=(344)
calls=1 29 
0 1089
0 4
cfn=(848) std::codecvt<char, char, __mbstate_t> const& std::use_facet<std::codecvt<char, char, __mbstate_t> >(std::locale const&)
calls=1 0 
0 120
cob=(1)
cfi=(61)
cfn=(344)
calls=1 29 
0 1116
0 7

fn=(1114) std::istreambuf_iterator<char, std::char_traits<char> > std::num_get<char, std::istreambuf_iterator<char, std::char_traits<char> > >::_M_extract_int<long>(std::istreambuf_iterator<char, std::char_traits<char> >, std::istreambuf_iterator<char, std::char_traits<char> >, std::ios_base&, std::_Ios_Iostate&, long&) const
0 112
cfn=(322)
calls=16 0 
0 32
0 96
cfn=(1116) 0x00079880
calls=16 0 
0 640
0 304
cfn=(1124) 0x0007a1f0
calls=16 0 
0 464
0 80
cfn=(1138) 0x0007a190
calls=16 0 
0 192
0 1571
cfn=(1148) std::string::_Rep::_M_dispose(std::allocator<char> const&)
calls=1 0 
0 9
0 150
cfn=(1148)
calls=15 0 
0 135
cob=(1)
cfi=(61)
cfn=(344)
calls=1 29 
0 864
0 270
cfn=(1150) std::basic_stringbuf<char, std::char_traits<char>, std::allocator<char> >::underflow()
calls=1 0 
0 13
0 65
cfn=(1138)
calls=20 0 
0 240
0 449
cfn=(1124)
calls=1 0 
0 29
0 19
cfn=(1138)
calls=1 0 
0 12
0 77

fn=(1116)
0 80
cfn=(322)
calls=16 0 
0 32
0 80
cfn=(596)
calls=16 0 
0 224
0 224

fn=(350)
0 4
cfn=(322)
calls=1 0 
0 2
0 9
cfn=(356) __cxa_guard_acquire
calls=1 0 
0 29
cob=(1)
cfi=(61)
cfn=(344)
calls=1 29 
0 767
0 5
cfn=(362) std::error_category::error_category()
calls=1 0 
0 9
cob=(1)
cfi=(61)
cfn=(344)
calls=1 29 
0 833
0 4
cfn=(370) __cxa_guard_release
calls=1 0 
0 16
cob=(1)
cfi=(61)
cfn=(344)
calls=1 29 
0 743
0 6
cob=(3)
cfi=(63) /build/buildd/eglibc-2.15/stdlib/cxa_atexit.c
cfn=(376) __cxa_atexit
calls=1 57 
0 94
cob=(1)
cfi=(61)
cfn=(344)
calls=1 29 
0 1192
0 6

fn=(524) std::ios_base::ios_base()
0 6
cfn=(322)
calls=2 0 
0 4
0 126
cfn=(530)
calls=2 0 
0 63497
cob=(1)
cfi=(61)
cfn=(344)
calls=1 29 
0 739
0 8

fn=(608) std::numpunct<char>::_M_initialize_numpunct(__locale_struct*)
0 7
cfn=(322)
calls=1 0 
0 2
0 408

fn=(804) bool std::has_facet<std::num_put<char, std::ostreambuf_iterator<char, std::char_traits<char> > > >(std::locale const&)
0 12
cfn=(322)
calls=4 0 
0 8
0 20
cfn=(596)
calls=4 0 
0 56
0 68
cfn=(780)
calls=4 0 
0 308
0 24

fn=(854) std::basic_filebuf<char, std::char_traits<char> >::open(char const*, std::_Ios_Openmode)
0 8
cfn=(322)
calls=1 0 
0 2
0 9
cfn=(860) std::__basic_file<char>::is_open() const
calls=1 0 
0 5
cob=(1)
cfi=(61)
cfn=(344)
calls=1 29 
0 884
0 9
cfn=(866) std::__basic_file<char>::open(char const*, std::_Ios_Openmode, int)
calls=1 0 
0 71587
cob=(1)
cfi=(61)
cfn=(344)
calls=1 29 
0 1028
0 2
cfn=(860)
calls=1 0 
0 5
0 4
cfn=(936) std::basic_filebuf<char, std::char_traits<char> >::_M_allocate_internal_buffer()
calls=1 0 
0 2580
cob=(1)
cfi=(61)
cfn=(344)
calls=1 29 
0 1234
0 29

fn=(948)
0 368250148
cfn=(322)
calls=52607164 0 
0 105214328
0 263035820
cob=(3)
cfi=(83) /build/buildd/eglibc-2.15/malloc/malloc.c
cfn=(890) malloc
calls=52607164 2910 
0 8156829169
cob=(1)
cfi=(61)
cfn=(344)
calls=1 29 
0 1082
0 368250148

fn=(1014) std::codecvt<char, char, __mbstate_t>::do_always_noconv() const
0 4

fn=(364)
0 60

fn=(540)
0 3
cfn=(322)
calls=1 0 
0 2
0 6
cfn=(548) std::locale::_Impl::_Impl(unsigned int)
calls=1 0 
0 62582
cob=(1)
cfi=(61)
cfn=(344)
calls=1 29 
0 801
0 8

fn=(726) std::__timepunct<wchar_t>::_M_initialize_timepunct(__locale_struct*)
0 5
cfn=(322)
calls=1 0 
0 2
0 8
cfn=(566)
calls=1 0 
0 18
0 95

fn=(768) std::basic_ios<char, std::char_traits<char> >::_M_cache_locale(std::locale const&)
0 20
cfn=(322)
calls=4 0 
0 8
0 20
cfn=(774)
calls=4 0 
0 2429
cob=(1)
cfi=(61)
cfn=(344)
calls=1 29 
0 953
0 16
cfn=(798)
calls=4 0 
0 600
cob=(1)
cfi=(61)
cfn=(344)
calls=1 29 
0 1002
0 12
cfn=(804)
calls=4 0 
0 496
cob=(1)
cfi=(61)
cfn=(344)
calls=1 29 
0 1367
0 16
cfn=(812)
calls=4 0 
0 480
cob=(1)
cfi=(61)
cfn=(344)
calls=1 29 
0 1370
0 12
cfn=(818) bool std::has_facet<std::num_get<char, std::istreambuf_iterator<char, std::char_traits<char> > > >(std::locale const&)
calls=4 0 
0 496
cob=(1)
cfi=(61)
cfn=(344)
calls=1 29 
0 1343
0 16
cfn=(824)
calls=4 0 
0 480
cob=(1)
cfi=(61)
cfn=(344)
calls=1 29 
0 1378
0 24

fn=(868) 0x000688e0
0 4
cfn=(364)
calls=1 0 
0 2
0 6

fn=(970) std::ctype<char>::_M_widen_init() const
0 6
cfn=(322)
calls=1 0 
0 2
0 1039
cfn=(972) std::ctype<char>::do_widen(char const*, char const*, char*) const
calls=1 0 
0 1248
0 5
cob=(3)
cfi=(98) /build/buildd/eglibc-2.15/string/../sysdeps/i386/i686/multiarch/memcmp-ssse3.S
cfn=(988) __memcmp_ssse3
calls=1 54 
0 195
cob=(1)
cfi=(61)
cfn=(344)
calls=1 29 
0 1091
0 11

fn=(1010) 0x00061e5c
0 4
cfn=(1012) std::basic_filebuf<char, std::char_traits<char> >::underflow()
calls=1 0 
0 4018
0 2

fn=(1094)
0 8
cfn=(322)
calls=1 0 
0 2
0 12
cfn=(1076)
calls=1 0 
0 251
0 18
cob=(3)
cfi=(96) /build/buildd/eglibc-2.15/string/../sysdeps/i386/i686/multiarch/memcpy-ssse3.S
cfn=(980) __memcpy_ssse3
calls=1 121 
0 29
0 6

fn=(1100) std::basic_stringbuf<char, std::char_traits<char>, std::allocator<char> >::_M_sync(char*, unsigned int, unsigned int)
0 8
cfn=(322)
calls=1 0 
0 2
0 28

fn=(1236) std::__detail::_List_node_base::_M_hook(std::__detail::_List_node_base*)
0 236732319

fn=(1256) operator delete(void*)
0 105214096
cfn=(322)
calls=26303524 0 
0 52607048
0 131517620
cob=(3)
cfi=(83)
cfn=(1198) free
calls=26303524 2954 
0 2498725250
cob=(1)
cfi=(61)
cfn=(344)
calls=1 29 
0 1050
0 78910569

fn=(322)
0 157822094

fn=(356)
0 7
cfn=(322)
calls=1 0 
0 2
0 20

fn=(362)
0 3
cfn=(364)
calls=3 0 
0 6
0 18

fn=(518) std::basic_ifstream<char, std::char_traits<char> >::basic_ifstream(char const*, std::_Ios_Openmode)
0 7
cfn=(322)
calls=1 0 
0 2
0 4
cfn=(524)
calls=1 0 
0 64261
cob=(1)
cfi=(61)
cfn=(344)
calls=1 29 
0 741
0 16
cfn=(742) std::basic_ios<char, std::char_traits<char> >::init(std::basic_streambuf<char, std::char_traits<char> >*)
calls=1 0 
0 13735
cob=(1)
cfi=(61)
cfn=(344)
calls=1 29 
0 1206
0 8
cfn=(830)
calls=1 0 
0 3544
cob=(1)
cfi=(61)
cfn=(344)
calls=1 29 
0 999
0 3
cfn=(742)
calls=1 0 
0 982
0 7
cfn=(854)
calls=1 0 
0 77386
cob=(1)
cfi=(61)
cfn=(344)
calls=1 29 
0 1189
0 8
cfn=(958) std::basic_ios<char, std::char_traits<char> >::clear(std::_Ios_Iostate)
calls=1 0 
0 17
cob=(1)
cfi=(61)
cfn=(344)
calls=1 29 
0 1141
0 6

fn=(566)
0 30
cfn=(322)
calls=10 0 
0 20
0 131
cfn=(568) 0x0005b260
calls=1 0 
0 2406
0 1

fn=(596)
0 312
cfn=(322)
calls=78 0 
0 156
0 904

fn=(644) std::ctype<wchar_t>::ctype(unsigned int)
0 6
cfn=(322)
calls=1 0 
0 2
0 10
cfn=(566)
calls=1 0 
0 18
0 4
cfn=(650) std::ctype<wchar_t>::_M_initialize_ctype()
calls=1 0 
0 27532
cob=(1)
cfi=(61)
cfn=(344)
calls=1 29 
0 942
0 5

fn=(958)
0 16
cfn=(322)
calls=4 0 
0 8
0 44

fn=(1012)
0 14
cfn=(322)
calls=2 0 
0 4
0 46
cfn=(1014)
calls=2 0 
0 4
0 52
cfn=(1020) std::__basic_file<char>::xsgetn(char*, int)
calls=2 0 
0 3097
cob=(1)
cfi=(61)
cfn=(344)
calls=1 29 
0 924
0 7

fn=(1124)
0 493

fn=(370)
0 2
cfn=(322)
calls=1 0 
0 2
0 12

fn=(408)
0 1
cfn=(364)
calls=1 0 
0 2
0 50

fn=(530)
0 48
cfn=(322)
calls=8 0 
0 16
0 32
cfn=(532)
calls=8 0 
0 63531
0 152

fn=(548)
0 5
cfn=(322)
calls=1 0 
0 2
0 212
cfn=(554) std::locale::facet::_S_get_c_name()
calls=1 0 
0 6
cob=(1)
cfi=(61)
cfn=(344)
calls=1 29 
0 916
0 65
cfn=(560)
calls=1 0 
0 3563
cob=(1)
cfi=(61)
cfn=(344)
calls=1 29 
0 777
0 5
cfn=(590)
calls=1 0 
0 1108
cob=(1)
cfi=(61)
cfn=(344)
calls=1 29 
0 1101
0 4
cfn=(602)
calls=1 0 
0 42
cob=(1)
cfi=(61)
cfn=(344)
calls=1 29 
0 909
0 5
cfn=(590)
calls=1 0 
0 297
0 25
cfn=(608)
calls=1 0 
0 417
cob=(1)
cfi=(61)
cfn=(344)
calls=1 29 
0 1149
0 5
cfn=(590)
calls=1 0 
0 297
0 10
cfn=(590)
calls=1 0 
0 297
0 10
cfn=(590)
calls=1 0 
0 297
0 5
cfn=(566)
calls=1 0 
0 18
0 7
cfn=(590)
calls=1 0 
0 297
0 37
cfn=(614) std::moneypunct<char, false>::_M_initialize_moneypunct(__locale_struct*, char const*)
calls=1 0 
0 113
cob=(1)
cfi=(61)
cfn=(344)
calls=1 29 
0 1227
0 5
cfn=(590)
calls=1 0 
0 297
0 37
cfn=(620) std::moneypunct<char, true>::_M_initialize_moneypunct(__locale_struct*, char const*)
calls=1 0 
0 113
cob=(1)
cfi=(61)
cfn=(344)
calls=1 29 
0 1267
0 5
cfn=(590)
calls=1 0 
0 297
0 10
cfn=(590)
calls=1 0 
0 297
0 10
cfn=(590)
calls=1 0 
0 297
0 59
cfn=(626) std::__timepunct<char>::__timepunct(std::__timepunct_cache<char>*, unsigned int)
calls=1 0 
0 1338
cob=(1)
cfi=(61)
cfn=(344)
calls=1 29 
0 1028
0 5
cfn=(590)
calls=1 0 
0 297
0 10
cfn=(590)
calls=1 0 
0 297
0 10
cfn=(590)
calls=1 0 
0 297
0 4
cfn=(638) std::messages<char>::messages(unsigned int)
calls=1 0 
0 50
cob=(1)
cfi=(61)
cfn=(344)
calls=1 29 
0 767
0 5
cfn=(590)
calls=1 0 
0 297
0 4
cfn=(644)
calls=1 0 
0 28519
cob=(1)
cfi=(61)
cfn=(344)
calls=1 29 
0 765
0 5
cfn=(590)
calls=1 0 
0 297
0 4
cfn=(696) std::codecvt<wchar_t, char, __mbstate_t>::codecvt(unsigned int)
calls=1 0 
0 42
cob=(1)
cfi=(61)
cfn=(344)
calls=1 29 
0 885
0 5
cfn=(590)
calls=1 0 
0 297
0 25
cfn=(702) std::numpunct<wchar_t>::_M_initialize_numpunct(__locale_struct*)
calls=1 0 
0 354
cob=(1)
cfi=(61)
cfn=(344)
calls=1 29 
0 1119
0 5
cfn=(590)
calls=1 0 
0 297
0 10
cfn=(590)
calls=1 0 
0 297
0 10
cfn=(590)
calls=1 0 
0 297
0 5
cfn=(566)
calls=1 0 
0 18
0 7
cfn=(590)
calls=1 0 
0 297
0 37
cfn=(708)
calls=1 0 
0 112
cob=(1)
cfi=(61)
cfn=(344)
calls=1 29 
0 1251
0 5
cfn=(590)
calls=1 0 
0 297
0 37
cfn=(714) std::moneypunct<wchar_t, true>::_M_initialize_moneypunct(__locale_struct*, char const*)
calls=1 0 
0 112
cob=(1)
cfi=(61)
cfn=(344)
calls=1 29 
0 1243
0 5
cfn=(590)
calls=1 0 
0 297
0 10
cfn=(590)
calls=1 0 
0 297
0 10
cfn=(590)
calls=1 0 
0 297
0 58
cfn=(720) std::__timepunct<wchar_t>::__timepunct(std::__timepunct_cache<wchar_t>*, unsigned int)
calls=1 0 
0 1328
cob=(1)
cfi=(61)
cfn=(344)
calls=1 29 
0 1068
0 5
cfn=(590)
calls=1 0 
0 297
0 10
cfn=(590)
calls=1 0 
0 297
0 10
cfn=(590)
calls=1 0 
0 297
0 4
cfn=(732) std::messages<wchar_t>::messages(unsigned int)
calls=1 0 
0 50
cob=(1)
cfi=(61)
cfn=(344)
calls=1 29 
0 790
0 5
cfn=(590)
calls=1 0 
0 297
0 4
cfn=(596)
calls=1 0 
0 14
0 6
cfn=(596)
calls=1 0 
0 14
0 6
cfn=(596)
calls=1 0 
0 14
0 6
cfn=(596)
calls=1 0 
0 14
0 6
cfn=(596)
calls=1 0 
0 14
0 6
cfn=(596)
calls=1 0 
0 14
0 6
cfn=(596)
calls=1 0 
0 14
0 6
cfn=(596)
calls=1 0 
0 14
0 7

fn=(614)
0 8
cfn=(322)
calls=1 0 
0 2
0 103

fn=(638)
0 6
cfn=(322)
calls=1 0 
0 2
0 10
cfn=(566)
calls=1 0 
0 18
0 2
cfn=(554)
calls=1 0 
0 6
0 6

fn=(650)
0 8
cfn=(322)
calls=1 0 
0 2
0 4
cob=(3)
cfi=(69) /build/buildd/eglibc-2.15/locale/uselocale.c
cfn=(656) uselocale
calls=1 31 
0 37
cob=(1)
cfi=(61)
cfn=(344)
calls=1 29 
0 1178
0 770
cob=(3)
cfi=(70) /build/buildd/eglibc-2.15/wcsmbs/wctob.c
cfn=(662) wctob
calls=128 33 
0 2688
cob=(1)
cfi=(61)
cfn=(344)
calls=1 29 
0 1104
0 260
cob=(3)
cfi=(71) /build/buildd/eglibc-2.15/wcsmbs/btowc.c
cfn=(668) btowc
calls=1 35 
0 24
cob=(1)
cfi=(61)
cfn=(344)
calls=1 29 
0 1057
0 510
cob=(3)
cfi=(71)
cfn=(668)
calls=255 35 
0 12136
0 1075
cfn=(680) std::ctype<wchar_t>::_M_convert_to_wmask(unsigned short) const
calls=8 0 
0 3737
cob=(1)
cfi=(61)
cfn=(344)
calls=1 29 
0 921
0 20
cfn=(680)
calls=4 0 
0 1837
0 119
cob=(3)
cfi=(69)
cfn=(656)
calls=1 31 
0 37
0 8

fn=(696)
0 6
cfn=(322)
calls=1 0 
0 2
0 10
cfn=(566)
calls=1 0 
0 18
0 6

fn=(714)
0 8
cfn=(322)
calls=1 0 
0 2
0 102

fn=(806)
0 126
cfn=(322)
calls=18 0 
0 36
0 486

fn=(990) std::ctype<char>::do_widen(char) const
0 2

fn=(836)
0 4

fn=(972)
0 6
cfn=(322)
calls=1 0 
0 2
0 8
cob=(3)
cfi=(96)
cfn=(980)
calls=1 121 
0 128
cob=(1)
cfi=(61)
cfn=(344)
calls=1 29 
0 1099
0 5

fn=(1020)
0 12
cfn=(322)
calls=2 0 
0 4
0 12
cfn=(1026) std::__basic_file<char>::fd()
calls=2 0 
0 1132
cob=(1)
cfi=(61)
cfn=(344)
calls=1 29 
0 830
0 10
cob=(3)
cfi=(93) /build/buildd/eglibc-2.15/io/../sysdeps/unix/syscall-template.S
cfn=(1040) read
calls=2 82 
0 28
cob=(1)
cfi=(61)
cfn=(344)
calls=1 29 
0 1049
0 20

fn=(1070)
0 8
cfn=(322)
calls=1 0 
0 2
0 8
cfn=(1076)
calls=1 0 
0 251
cob=(1)
cfi=(61)
cfn=(344)
calls=1 29 
0 856
0 17

fn=(1082) std::basic_istringstream<char, std::char_traits<char>, std::allocator<char> >::basic_istringstream(std::string const&, std::_Ios_Openmode)
0 6
cfn=(322)
calls=1 0 
0 2
0 6
cfn=(524)
calls=1 0 
0 119
0 14
cfn=(742)
calls=1 0 
0 982
0 23
cfn=(530)
calls=1 0 
0 47
0 15
cfn=(1088)
calls=1 0 
0 1552
cob=(1)
cfi=(61)
cfn=(344)
calls=1 29 
0 749
0 12
cfn=(1100)
calls=1 0 
0 38
cob=(1)
cfi=(61)
cfn=(344)
calls=1 29 
0 1135
0 4
cfn=(742)
calls=1 0 
0 982
0 6

fn=(702)
0 7
cfn=(322)
calls=1 0 
0 2
0 345

fn=(866)
0 4
cfn=(322)
calls=1 0 
0 2
0 5
cfn=(868)
calls=1 0 
0 12
0 5
cfn=(860)
calls=1 0 
0 5
0 6
cob=(3)
cfi=(81) /build/buildd/eglibc-2.15/libio/iofopen64.c
cfn=(880) fopen64
calls=1 37 
0 70441
cob=(1)
cfi=(61)
cfn=(344)
calls=1 29 
0 1097
0 10

fn=(964) std::basic_istream<char, std::char_traits<char> >& std::getline<char, std::char_traits<char>, std::allocator<char> >(std::basic_istream<char, std::char_traits<char> >&, std::basic_string<char, std::char_traits<char>, std::allocator<char> >&)
0 6
cfn=(322)
calls=1 0 
0 2
0 14
cfn=(996) std::basic_istream<char, std::char_traits<char> >& std::getline<char, std::char_traits<char>, std::allocator<char> >(std::basic_istream<char, std::char_traits<char> >&, std::basic_string<char, std::char_traits<char>, std::allocator<char> >&, char)
calls=1 0 
0 10657
cob=(1)
cfi=(61)
cfn=(344)
calls=1 29 
0 1326
0 7
cfn=(970)
calls=1 0 
0 3597
cob=(1)
cfi=(61)
cfn=(344)
calls=1 29 
0 888
0 4
cfn=(990)
calls=1 0 
0 2
0 1

fn=(1106) std::istream::operator>>(int&)
0 102
cfn=(322)
calls=17 0 
0 34
0 136
cfn=(1002) std::istream::sentry::sentry(std::istream&, bool)
calls=17 0 
0 1135
0 450
cfn=(1108) std::num_get<char, std::istreambuf_iterator<char, std::char_traits<char> > >::do_get(std::istreambuf_iterator<char, std::char_traits<char> >, std::istreambuf_iterator<char, std::char_traits<char> >, std::ios_base&, std::_Ios_Iostate&, long&) const
calls=16 0 
0 8091
0 231
cfn=(958)
calls=1 0 
0 17
0 7

fn=(1138)
0 444

fn=(1150)
0 13

fn=(388)
0 1
cfn=(364)
calls=1 0 
0 2
0 60

fn=(436)
0 1
cfn=(364)
calls=1 0 
0 2
0 50

fn=(554)
0 5
cfn=(364)
calls=5 0 
0 10
0 15

fn=(626)
0 6
cfn=(322)
calls=1 0 
0 2
0 13
cfn=(554)
calls=1 0 
0 6
0 4
cfn=(632)
calls=1 0 
0 130
cob=(1)
cfi=(61)
cfn=(344)
calls=1 29 
0 1172
0 5

fn=(848)
0 2
cfn=(322)
calls=1 0 
0 2
0 5
cfn=(596)
calls=1 0 
0 14
0 15
cfn=(780)
calls=1 0 
0 77
0 5

fn=(1026)
0 8
cfn=(322)
calls=2 0 
0 4
0 8
cob=(3)
cfi=(99) /build/buildd/eglibc-2.15/libio/fileno.c
cfn=(1032) fileno
calls=2 34 
0 24
cob=(1)
cfi=(61)
cfn=(344)
calls=1 29 
0 1082
0 6

fn=(1058) std::string::append(char const*, unsigned int)
0 7
cfn=(322)
calls=1 0 
0 2
0 18
cfn=(1064)
calls=1 0 
0 2048
cob=(1)
cfi=(61)
cfn=(344)
calls=1 29 
0 721
0 21
cob=(3)
cfi=(96)
cfn=(980)
calls=1 121 
0 29
0 8

fn=(1108)
0 128
cfn=(322)
calls=16 0 
0 32
0 288
cfn=(1114)
calls=16 0 
0 5823
cob=(1)
cfi=(61)
cfn=(344)
calls=1 29 
0 1708
0 112

fn=(1148)
0 16
cfn=(364)
calls=16 0 
0 32
0 96

fn=(320)
0 4
cfn=(322)
calls=1 0 
0 2
0 19
cfn=(322)
calls=1 0 
0 2
0 9

fn=(470)
0 4
cfn=(322)
calls=1 0 
0 2
0 7
cfn=(362)
calls=1 0 
0 9
0 8
cob=(3)
cfi=(63)
cfn=(376)
calls=1 57 
0 95
0 3
cfn=(362)
calls=1 0 
0 9
0 7
cob=(3)
cfi=(63)
cfn=(376)
calls=1 57 
0 95
0 5

fn=(680)
0 48
cfn=(322)
calls=12 0 
0 24
0 104
cob=(3)
cfi=(75) /build/buildd/eglibc-2.15/wctype/wctype_l.c
cfn=(686) wctype_l
calls=1 28 
0 911
0 64
cob=(3)
cfi=(75)
cfn=(686)
calls=1 28 
0 583
0 13
cob=(3)
cfi=(75)
cfn=(686)
calls=1 28 
0 293
0 6
cob=(3)
cfi=(75)
cfn=(686)
calls=1 28 
0 135
cob=(1)
cfi=(61)
cfn=(344)
calls=1 29 
0 1162
0 6
cob=(3)
cfi=(75)
cfn=(686)
calls=1 28 
0 491
0 12
cob=(3)
cfi=(75)
cfn=(686)
calls=1 28 
0 823
0 6
cob=(3)
cfi=(75)
cfn=(686)
calls=1 28 
0 367
0 6
cob=(3)
cfi=(75)
cfn=(686)
calls=1 28 
0 209
0 6
cob=(3)
cfi=(75)
cfn=(686)
calls=1 28 
0 304
0 1

fn=(732)
0 6
cfn=(322)
calls=1 0 
0 2
0 10
cfn=(566)
calls=1 0 
0 18
0 2
cfn=(554)
calls=1 0 
0 6
0 6

fn=(756) std::locale::operator=(std::locale const&)
0 20
cfn=(322)
calls=4 0 
0 8
0 88

fn=(860)
0 15

fn=(942) operator new[](unsigned int)
0 3
cfn=(322)
calls=1 0 
0 2
0 4
cfn=(948)
calls=1 0 
0 1289
cob=(1)
cfi=(61)
cfn=(344)
calls=1 29 
0 632
0 3

fn=(996)
0 7
cfn=(322)
calls=1 0 
0 2
0 9
cfn=(1002)
calls=1 0 
0 36
cob=(1)
cfi=(61)
cfn=(344)
calls=1 29 
0 795
0 11
cfn=(958)
calls=1 0 
0 17
0 16
cfn=(1008) std::string::_M_mutate(unsigned int, unsigned int, unsigned int)
calls=1 0 
0 39
cob=(1)
cfi=(61)
cfn=(344)
calls=1 29 
0 765
0 29
cob=(3)
cfi=(102) /build/buildd/eglibc-2.15/string/../sysdeps/i386/i686/multiarch/memchr-sse2-bsf.S
cfn=(1052) __memchr_sse2_bsf
calls=1 52 
0 44
cob=(1)
cfi=(61)
cfn=(344)
calls=1 29 
0 1097
0 10
cfn=(1058)
calls=1 0 
0 2854
cob=(1)
cfi=(61)
cfn=(344)
calls=1 29 
0 747
0 17
cfn=(1012)
calls=1 0 
0 130
0 4
cfn=(1010)
calls=1 0 
0 4024
0 4

fn=(1002)
0 162
cfn=(322)
calls=18 0 
0 36
0 695
cfn=(958)
calls=1 0 
0 17
0 261

fn=(1008)
0 11
cfn=(322)
calls=1 0 
0 2
0 26

fn=(568)
0 2
cfn=(322)
calls=1 0 
0 2
0 8
cfn=(576)
calls=1 0 
0 1228
cob=(1)
cfi=(61)
cfn=(344)
calls=1 29 
0 1163
0 3

fn=(620)
0 8
cfn=(322)
calls=1 0 
0 2
0 103

fn=(720)
0 6
cfn=(322)
calls=1 0 
0 2
0 13
cfn=(554)
calls=1 0 
0 6
0 4
cfn=(726)
calls=1 0 
0 128
cob=(1)
cfi=(61)
cfn=(344)
calls=1 29 
0 1164
0 5

fn=(742)
0 20
cfn=(322)
calls=4 0 
0 8
0 20
cfn=(748) std::ios_base::_M_init()
calls=4 0 
0 2009
cob=(1)
cfi=(61)
cfn=(344)
calls=1 29 
0 811
0 16
cfn=(768)
calls=4 0 
0 12538
cob=(1)
cfi=(61)
cfn=(344)
calls=1 29 
0 1203
0 56

fn=(748)
0 20
cfn=(322)
calls=4 0 
0 8
0 36
cfn=(530)
calls=4 0 
0 188
0 12
cfn=(756)
calls=4 0 
0 116
cob=(1)
cfi=(61)
cfn=(344)
calls=1 29 
0 774
0 8
cfn=(762)
calls=4 0 
0 88
cob=(1)
cfi=(61)
cfn=(344)
calls=1 29 
0 739
0 20

fn=(818)
0 12
cfn=(322)
calls=4 0 
0 8
0 20
cfn=(596)
calls=4 0 
0 56
0 68
cfn=(780)
calls=4 0 
0 308
0 24

fn=(842)
0 3
cfn=(322)
calls=1 0 
0 2
0 5
cfn=(596)
calls=1 0 
0 14
0 17
cfn=(780)
calls=1 0 
0 77
0 6

fn=(936)
0 5
cfn=(322)
calls=1 0 
0 2
0 13
cfn=(942)
calls=1 0 
0 1933
cob=(1)
cfi=(61)
cfn=(344)
calls=1 29 
0 624
0 3

ob=(3)
fl=(53)
fn=(248)
41 2
cfi=(41) /build/buildd/eglibc-2.15/string/../sysdeps/i386/i686/multiarch/strcat.S
cfn=(178) 0x0012bd53
calls=1 +14 
* 2
* 1
-8 4
+10 2

fl=(56)
fn=(260)
78 3
cfi=(41)
cfn=(178)
calls=1 -23 
* 2
* 1
+1 3
+13 3

fl=(109) /build/buildd/eglibc-2.15/io/../sysdeps/unix/sysv/linux/fxstat64.c
fn=(1176) __fxstat64@@GLIBC_2.2
46 1
+3 1
-3 1
cfi=(41)
cfn=(178)
calls=1 +9 
* 2
* 1
+3 4
cob=(1)
cfi=(1)
cfn=(910)
calls=1 -49 
* 2
* 3
+33 2

fl=(49)
fn=(240)
53 3
cfi=(41)
cfn=(178)
calls=1 +2 
* 2
* 7
+6 3
+17 1
-2 1
+1 1
+1 1
+14 4
cfi=(50) /build/buildd/eglibc-2.15/misc/init-misc.c
cfn=(242) __init_misc
calls=1 -59 
* 93
+13 5
-5 1
cfi=(52) /build/buildd/eglibc-2.15/ctype/ctype-info.c
cfn=(246) __ctype_init
calls=1 -67 
* 27
-30 2
-9 1
+9 3

fl=(79)
fn=(790)
67 1
+3 1
cfi=(41)
cfn=(178)
calls=1 -15 
* 2
+1 1
+1 1
+1 1
+2 1
+1 1
+1 1
+1 1
+1 1
+1 1
+2 1
+3 1

fl=(89) /build/buildd/eglibc-2.15/misc/sbrk.c
fn=(906) sbrk
35 2574
cfi=(41)
cfn=(178)
calls=858 +20 
* 1716
* 4290
+8 6003
+4 1716
+4 2571
+3 1714
cfi=(90) /build/buildd/eglibc-2.15/misc/../sysdeps/unix/sysv/linux/i386/brk.c
cfn=(908) brk
calls=857 -18 
* 25400
+1 2571
+3 6006
-14 1
+1 1
-1 1
cfi=(90)
cfn=(908)
calls=1 -8 
* 25
* 4

fl=(41)
fn=(178)
55 157825547
+1 157825547

fl=(70)
fn=(662)
33 640
cfi=(41)
cfn=(178)
calls=128 +22 
* 256
* 256
+9 128
-9 128
+9 128
+5 256
+38 896

fl=(90)
fn=(908)
36 4290
cfi=(41)
cfn=(178)
calls=858 +19 
* 1716
* 858
+5 3432
cob=(1)
cfi=(1)
cfn=(910)
calls=858 -41 
* 1716
* 1716
+2 1716
+8 858
-6 1716
+7 3432
-5 2385
+1 1590

fl=(101)
fn=(1050)
45 1
+2 1
cfi=(41)
cfn=(178)
calls=1 +8 
* 2
+1 1
+1 1
+1 1
+3 1
+1 1
+1 1
+1 1
+16 1
+1 1
+2 1

fl=(75)
fn=(686)
28 9
+7 9
-7 27
+3 27
cfi=(76) /build/buildd/eglibc-2.15/string/../sysdeps/i386/i686/multiarch/../../i586/strlen.S
cfn=(688) __GI_strlen
calls=9 +16 
* 319
* 9
+3 45
+8 40
+1 80
-8 40
+2 80
cfi=(76)
cfn=(688)
calls=40 +10 
* 1352
* 18
cfi=(76)
cfn=(688)
calls=9 +10 
* 279
+2 49
-2 49
+2 295
cfi=(77) /build/buildd/eglibc-2.15/string/../sysdeps/i386/i686/multiarch/../memcmp.S
cfn=(690) __GI_memcmp
calls=41 +19 
* 1235
* 82
+9 27
+1 45

fl=(80)
fn=(792)
225 8
+1 8
+6 8
+1 8
+1 8
2373 8
+1 8
+15 8

fl=(94) /build/buildd/eglibc-2.15/string/../string/strstr.c
fn=(928) __GI_strstr
53 7
cfi=(41)
cfn=(178)
calls=1 +2 
* 2
* 1
+10 3
+2 2
+24 1
-15 1
+15 6
-26 1
-5 2

fl=(106) /build/buildd/eglibc-2.15/string/../sysdeps/i386/strchrnul.S
fn=(1162) strchrnul
38 40
+4 40
+1 40
+7 40
+1 40
+1 40
+1 40
+13 40
+1 40
+1 22
+1 22
+1 22
+1 22
+1 22
+1 22
+2 22
+1 22
+1 20
+1 20
+1 20
+1 20
+1 20
+1 3
+2 3
+1 3
+1 1
+1 1
+1 1
+1 1
+1 1
+1 1
+3 1
+34 23
+1 23
+2 23
+1 23
+10 23
+4 23
+3 23
+1 23
+4 23
+6 3
+1 3
+1 3
+3 3
+1 3
+1 3
+1 3
+2 3
+2 3
+1 3
+2 3
+1 3
+3 3
+1 3
+1 3
+1 3
+2 3
+1 2
+1 2
+1 2
+3 2
+1 2
+1 2
+1 2
+2 2
+2 2
+1 2
+2 2
+1 2
+3 2
+44 2
+1 2
+6 2
+1 2
-7 1
+6 1
+1 1
-1 20
+1 20
+1 5
+1 5
+1 3
+2 3
+1 3
+1 2
+1 2
+1 2
+2 2
+1 2
+1 2
+1 2
+1 2
+3 2
+4 2
+5 2
-5 38
+5 38

fl=(52)
fn=(246)
31 1
+2 1
-2 2
cfi=(41)
cfn=(178)
calls=1 +24 
* 2
* 2
+2 7
+2 4
+2 2
+1 2
-1 2
+1 2

fl=(66) /build/buildd/eglibc-2.15/setjmp/../sysdeps/i386/bsd-_setjmp.S
fn=(510) _setjmp
36 1
+1 1
+4 1
+1 1
+1 1
+1 1
+2 2
+2 1
+1 1
+2 2
+2 1
+2 1
+2 1
+1 1

fl=(84) /build/buildd/eglibc-2.15/malloc/hooks.c
fn=(892) malloc_hook_ini
30 3
cfi=(41)
cfn=(178)
calls=1 +25 
* 2
* 3
+1 2
+1 1
cfi=(85) /build/buildd/eglibc-2.15/malloc/arena.c
cfn=(894) ptmalloc_init
calls=1 370 
* 68007
+2 1
-1 1
+1 2
-1 1
cfi=(83)
cfn=(891) malloc'2
calls=1 2910 
* 1236

fl=(108) /build/buildd/eglibc-2.15/libio/filedoalloc.c
fn=(1172) _IO_file_doallocate
99 5
cfi=(41)
cfn=(178)
calls=1 -44 
* 2
* 2
+15 2
-15 1
+14 1
+1 8
cfi=(92) /build/buildd/eglibc-2.15/libio/fileops.c
cfn=(1174) _IO_file_stat
calls=1 1246 
* 27
* 2
+2 4
+11 2
-14 1
+14 2
+1 3
+3 7
cfi=(110) /build/buildd/eglibc-2.15/misc/../sysdeps/unix/sysv/linux/i386/mmap.S
cfn=(1178) mmap
calls=1 -96 
* 25
* 2
+1 6
cfi=(91) /build/buildd/eglibc-2.15/libio/genops.c
cfn=(1180) _IO_setb
calls=1 404 
* 23
+1 1
+1 6
-13 2
fi=(119) /build/buildd/eglibc-2.15/libio/../sysdeps/unix/sysv/linux/sys/sysmacros.h
-74 5
fe=(108)
+74 1
-2 2
+5 2

fl=(86) /build/buildd/eglibc-2.15/elf/dl-addr.c
fn=(896) _dl_addr
127 4
+2 1
-2 2
cfi=(41)
cfn=(178)
calls=1 -72 
* 2
* 4
+5 4
cob=(1)
cfi=(2)
cfn=(52)
calls=1 843 
* 3
+3 6
-10 1
+11 5
+1 23
+1 2
-2 12
+10 4
cob=(1)
cfi=(2)
cfn=(54)
calls=1 849 
* 3
+3 7
31 3
+1 1
+3 2
+6 1
-1 1
+6 1
-5 1
-1 1
+6 1
-5 1
+2 1
-3 1
+3 2
+3 1
+5 11
+2 3
+1 2
-1 3030
+1 2020
+2 1818
+69 909
-63 909
-6 909
+69 3636
-63 2727
+63 2872
-63 4308
+2 9380
+1 19235
+7 11725
-21 4045
+49 3
+1 2
+1 3
+3 3
+12 1
+24 1
-24 1
+1 2

fl=(63)
fn=(378) __internal_atexit
34 8
cfi=(41)
cfn=(178)
calls=4 +21 
* 8
* 8
+1 12
cfn=(380) __new_exitfn
calls=4 +38 
* 211
+2 8
+4 12
+2 4
+1 8
+1 8
+2 4
+1 4
+1 12

fn=(380)
73 4
+6 4
-6 4
+6 4
-6 16
cfi=(41)
cfn=(178)
calls=4 -18 
* 8
* 4
+6 16
+2 32
+2 12
+1 18
-3 2
+10 1
-10 2
+13 6
+25 3
+1 3
-1 6
+1 3
+6 3
+1 6
+3 6
-4 1
+1 2
+3 10
+3 28
-35 2
+14 1
+1 2
-19 2

fn=(376)
57 8
cfi=(41)
cfn=(178)
calls=4 -2 
* 8
* 8
+1 36
cfn=(378)
calls=4 -24 
* 307
+1 12

fl=(43)
fn=(182)
27 1
+3 1
cfi=(41)
cfn=(178)
calls=1 +25 
* 2
+1 1
+1 1
+1 1
+2 1
+1 1
+1 1
+1 1
+1 1
+1 1
+2 1
+3 1

fl=(65) /build/buildd/eglibc-2.15/csu/libc-start.c
fn=(492) (below main)
96 5
cfi=(41)
cfn=(178)
calls=1 -41 
* 2
* 4
+10 4
+52 1
-52 1
+52 1
+1 4
cfi=(63)
cfn=(376)
calls=1 57 
* 95
+22 4
+3 2
+1 8
cob=(8)
cfi=(64)
cfn=(494) __libc_csu_init
calls=1 0 
* 57
+4 4
+15 2
+9 3
cfi=(66)
cfn=(510)
calls=1 36 
* 16
+1 2
+5 2
+1 2
+3 2
+3 8
cob=(8)
cfi=(67) /home/karen/GitHub/AI/src/main.cpp
cfn=(512) main
calls=1 9 
* 30043941011
106 2

fl=(44)
fn=(184)
45 1
+2 1
cfi=(41)
cfn=(178)
calls=1 +8 
* 2
+1 1
+1 1
+1 1
+3 1
+1 1
+1 1
+1 1
+16 1
+1 1
+2 1

fl=(95)
fn=(978)
40 1
+3 1
cfi=(41)
cfn=(178)
calls=1 +12 
* 2
+1 1
+1 1
+1 1
+2 1
+1 1
+1 1
+1 1
+1 1
+1 1
+2 1
+3 1

fl=(50)
fn=(242)
31 5
cfi=(41)
cfn=(178)
calls=1 +24 
* 2
* 2
+1 5
+2 3
cfi=(51) /build/buildd/eglibc-2.15/string/../sysdeps/i386/i686/multiarch/../../strrchr.S
cfn=(244) __GI_strrchr
calls=1 +3 
* 63
+1 2
+3 3
+1 3
+2 5

fl=(87) /build/buildd/eglibc-2.15/nptl/../nptl/sysdeps/unix/sysv/linux/register-atfork.c
fn=(898) __linkin_atfork
115 3
cfi=(41)
cfn=(178)
calls=1 -60 
* 2
* 1
+2 2
+2 4
-1 2
+2 2

fl=(69)
fn=(656)
31 2
+1 2
-1 6
cfi=(41)
cfn=(178)
calls=2 +24 
* 4
* 6
+3 2
-3 2
+1 6
+2 2
+3 4
+1 2
+28 6
+1 6
+2 6
+4 4
+1 2
-1 2
+1 10

fl=(45)
fn=(186)
37 1
+3 1
cfi=(41)
cfn=(178)
calls=1 +15 
* 2
+1 1
+1 1
+1 1
+2 1
+1 1
+1 1
+1 1
+1 1
+3 1

fl=(91)
fn=(1180)
404 5
cfi=(41)
cfn=(178)
calls=1 55 
* 2
* 1
+1 3
+2 2
+1 2
+1 3
+1 1
+3 4

fn=(912) _IO_no_init
648 2
+1 1
-1 1
cfi=(41)
cfn=(178)
calls=1 55 
* 2
* 7
+1 3
cfn=(914) _IO_old_init
calls=1 -35 
* 27
+3 1
-2 1
+2 1
+15 1
-13 1
+1 1
+1 1
+1 1
+1 1
+1 1
+1 1
+1 1
+1 1
+1 1
+1 1
+1 1
+2 1
+3 1
+1 6

fn=(914)
614 2
+1 2
+1 1
+1 1
+1 1
+1 1
+1 1
+1 1
+1 1
+1 1
+1 1
+1 1
+2 1
+1 1
+1 1
+1 1
+1 1
+2 1
+3 3
+1 4

fn=(918) _IO_link_in
104 10
cfi=(41)
cfn=(178)
calls=2 -49 
* 4
* 4
+1 2
-1 2
+1 4
+4 1
-2 2
+2 5
+1 10
+2 1
-2 1
+1 1
+1 1
-2 1
+2 1
-2 1
+2 13
+2 1
-2 1
+4 1
+2 1
-4 1
+1 1
+3 7
+2 2
-1 1
+1 7
+1 2
+3 12
-6 7

fn=(1184) _IO_default_xsputn
452 1
+4 1
-4 4
+3 1
-3 1
cfi=(41)
cfn=(178)
calls=1 55 
* 2
* 2
+3 5
+5 36
+25 66
cfi=(92)
cfn=(1168) _IO_file_overflow@@GLIBC_2.1
calls=8 850 
* 328
* 24
+2 8
+1 8
+1 2
+1 6

fn=(1170) _IO_doallocbuf
419 5
cfi=(41)
cfn=(178)
calls=1 55 
* 2
* 1
+1 3
+6 4
-4 2
+1 4
cfi=(108)
cfn=(1172)
calls=1 99 
* 144
* 2

fl=(55) /build/buildd/eglibc-2.15/stdlib/bsearch.c
fn=(256) bsearch
27 150
+20 30
-13 120
+7 70
+1 63
-8 126
+3 196
-1 392
+1 588
+1 784
cfi=(54)
cfn=(258) intel_02_known_compare
calls=196 145 
* 2142
+1 392
+1 126
-6 252
+13 23
+1 180

fl=(100) /build/buildd/eglibc-2.15/signal/../sysdeps/unix/syscall-template.S
fn=(1034) 0x0012bd57
84 4

fl=(73) /build/buildd/eglibc-2.15/elf/dl-profstub.c
fn=(672) _dl_mcount_wrapper_check
38 256
cfi=(41)
cfn=(178)
calls=128 +17 
* 256
* 256
+1 512
+2 384

fl=(96)
fn=(980)
121 3
+1 3
+1 3
+1 3
+17 3
+1 3
+4 2
+1 2
+7 2
cfi=(41)
cfn=(178)
calls=2 -99 
* 4
* 6
+6 1
+1 1
+1 1
+1 1
+1 1
+2 1
+1 1
+1 1
+1 1
+1 1
+6 1
cfi=(41)
cfn=(178)
calls=1 55 
* 2
+1 1
+1 1
+6 1
+1 1
+1 1
+1 1
+2 1
cfi=(41)
cfn=(178)
calls=1 55 
* 2
* 3
1024 1
+1 1
+1 1
+1 1
+1 1
+1 1
+1 1
+3 1
+1 1
+1 1
+1 1
+1 1
+1 1
+1 1
+1 1
+1 1
+2 1
-10 3
+1 3
+1 3
+1 3
+1 3
+1 3
+1 3
+1 3
+1 3
+2 3
+2 3
+1 3
+1 3
+1 3
+1 3
+1 3
+1 3
+1 3
+1 3
+2 3
+3 1
+1 1
+1 1
+1 1
+1 1
+1 2
+80 1
+1 1
+2 1
+1 1
+2 1
+1 1
+1 1
+1 1
+1 1
+1 1
+5 1
+3 2
1788 2
+1 2
+2 2
+1 2
+2 2
+1 2
+2 2
+1 2
+2 2
+1 2
+2 2
+1 2
+2 2
+6 4

fl=(71)
fn=(668)
35 1280
cfi=(41)
cfn=(178)
calls=256 +20 
* 512
* 512
+5 768
-5 256
+5 256
+62 1536
-62 512
+5 512
+4 512
fi=(72) /build/buildd/eglibc-2.15/wcsmbs/./wcsmbsload.h
+23 384
fe=(71)
-22 128
+2 128
-2 128
+2 128
+1 256
+4 384
+3 384
cfi=(73)
cfn=(672)
calls=128 -22 
* 1664
* 512
cfi=(74) /build/buildd/eglibc-2.15/iconv/gconv_simple.c
cfn=(674) __gconv_btwoc_ascii
calls=128 -9 
* 768
* 128
fi=(72)
+14 256
+1 128
-1 128
fe=(71)

fl=(104) /build/buildd/eglibc-2.15/debug/printf_chk.c
fn=(1158) __printf_chk
28 57
cfi=(41)
cfn=(178)
calls=19 +27 
* 38
* 95
+4 380
+1 38
+1 38
+2 19
+1 114
cfi=(105) /build/buildd/eglibc-2.15/stdio-common/vfprintf.c
cfn=(1160) vfprintf
calls=19 211 
* 14547
+3 19
-3 19
+3 19
+1 38
fi=(111) /build/buildd/eglibc-2.15/debug/../libio/libioP.h
994 19
-1 19
+1 38
+1 209
fe=(104)
45 133

fl=(98)
fn=(988)
54 1
+8 1
+1 1
+1 1
+1 1
+35 1
+1 1
+1 1
+2 1
+1 1
+1 1
+1 1
+1 1
+1 1
+1 1
+2 1
+1 1
+1 1
+1 1
+1 1
+1 1
+1 1
+1 1
+1 1
+1 1
+1 1
+1 1
+3 1
+1 1
+1 1
+1 1
+1 1
+1 1
245 1
+1 1
+1 1
+1 1
+27 1
+1 1
+1 1
+1 1
+2 1
+1 1
+1 1
+3 1
+1 1
+1 1
+1 1
+2 1
+1 1
+1 1
+1 1
+1 1
+1 1
+1 1
+1 1
+2 1
+1 1
-15 5
+1 5
+1 5
+1 5
+2 5
+1 5
+1 5
+1 5
+1 5
+1 5
+1 5
+1 5
+2 5
+1 5
+1 1
+2 1
+1 1
+1 1
+1 1
+2 1
+1 1
+2 1
+1 1
+1 1
+1 1
+1 1
+1 1
+2 1
+1 1
+1 1
+1 1
+1 1
1671 1
+1 1
+23 1
+1 1
+23 1
+1 1
+1 1
+1 1
+2 1
+1 1
+1 1
+1 1
+1 1
+1 1
+1 1
+1 1
+36 1
+1 1
+58 1
+1 1
+1 1
+1 1
+2 1
+1 1
+1 1
+1 1
+2 1
+1 1
+1 1
+1 1
+2 1
+1 1
+1 1
+1 1
+2 1
+1 1
+1 1
+1 1
+2 1
+1 1
+1 1
+1 1
+2 1
+1 1
+1 1
+1 1
+1 1
+1 1
+1 1

fl=(74)
fn=(674)
51 128
+2 512
+3 128

fl=(85)
fn=(894)
370 5
cfi=(41)
cfn=(178)
calls=1 55 
* 2
* 2
+1 3
+9 1
-8 1
+8 2
+7 3
+1 1
-1 1
+1 12
cfi=(87)
cfn=(898)
calls=1 115 
* 16
+2 5
-58 4
+2 88
+16 44
-18 132
455 2
+5 2
+1 2
+2 1
+1 6
-83 5
cfi=(86)
cfn=(896)
calls=1 127 
* 67656
* 3
+1 4
-47 2
+1 2

fl=(110)
fn=(1178)
35 796
+2 796
+2 796
+2 796
+3 796
+2 796
+1 796
+1 796
+2 796
+2 796
+2 796
+1 796
+1 796
+1 796
+2 796
+3 796
cob=(1)
cfi=(1)
cfn=(910)
calls=796 -62 
* 1592
+3 796
+3 796
+3 796
+3 796
+24 796
+1 796
+4 796

fl=(51)
fn=(244)
37 1
+3 1
+3 1
+1 1
+2 1
+7 1
+1 1
+1 1
+1 1
+13 1
+1 1
+1 1
+1 1
+1 1
+2 1
+1 1
+1 1
+2 1
+1 1
+79 1
+1 1
+1 1
+1 1
+1 1
+8 1
+1 1
+1 1
+3 1
+2 1
+1 1
+1 1
+11 1
-13 1
+1 1
+1 1
+11 1
+4 2
+3 2
+1 2
+4 2
+6 1
+2 1
+1 1
+3 1
+1 1
+1 1
+1 1
+2 1
+85 1
+1 1
+2 1
+1 1
+2 1
+1 1
+2 1
+1 1
+15 1
+3 1
+5 1

fl=(81)
fn=(880)
37 2
+2 1
-2 1
cfi=(41)
cfn=(178)
calls=1 +18 
* 2
* 1
+2 5
cfi=(82) /build/buildd/eglibc-2.15/libio/iofopen.c
cfn=(882) __fopen_internal
calls=1 +29 
* 70426
+5 3

fl=(97)
fn=(986)
30 1
+3 1
cfi=(41)
cfn=(178)
calls=1 +22 
* 2
+1 1
+1 1
+1 1
+2 1
+1 1
+1 1
+1 1
+1 1
+1 1
+2 1
+3 1

fl=(76)
fn=(688)
47 58
+2 58
+2 58
+2 58
+1 37
+2 25
+1 25
+2 25
+1 25
+2 25
+2 25
+1 25
+2 25
+2 22
+1 22
+2 22
+1 22
+26 22
+1 22
+2 22
+1 22
+2 22
+1 22
-7 36
+1 36
+2 36
+1 36
+2 36
+1 36
+2 42
+2 42
+2 42
+3 33
+1 33
+2 33
+1 33
+2 33
+1 33
+2 33
+2 33
+2 33
+35 58
+1 58
+2 58
+1 58
+2 46
+1 46
+2 46
+2 30
+1 30
+2 30
+1 30
+2 16
+3 16
+4 16
-4 42
+4 42

fl=(102)
fn=(1052)
52 1
+1 1
+3 1
+1 1
+1 1
+2 1
+2 1
+1 1
+2 1
+1 1
+2 1
+1 1
+2 1
+1 1
+2 1
+1 1
+1 1
+14 1
+1 1
+1 1
+1 1
+1 1
+1 1
+1 1
+5 1
+64 1
+1 1
355 1
+1 1
+1 1
+31 1
+1 1
+1 1
+1 1
+1 1
+1 1
+1 1
+2 1
+1 1
+1 1
+1 1
+1 1
+1 2

fl=(77)
fn=(690)
58 41
+2 41
+1 41
+1 41
+2 41
+1 41
+18 41
+2 41
+2 41
+2 41
+1 41
+2 41
cfi=(41)
cfn=(178)
calls=41 -37 
* 82
* 82
+1 41
+1 41
+1 41
+79 40
+1 40
+1 40
+1 40
+2 8
+1 8
+1 8
+1 8
+3 8
+1 16
+36 1
+1 1
+1 1
+1 1
+2 1
+1 1
+1 1
+1 1
+1 1
+1 1
+1 1
+3 1
+1 2
361 32
+1 32
+1 1
+1 1
+9 32
+1 32
+1 32
+3 64

fl=(105)
fn=(1160)
211 19
+35 19
-35 95
cfi=(41)
cfn=(178)
calls=19 55 
* 38
* 57
+35 19
1298 19
246 57
1298 134
+4 114
+4 38
+1 114
+17 19
fi=(120) /build/buildd/eglibc-2.15/stdio-common/printf-parse.h
99 76
cfi=(106)
cfn=(1162)
calls=19 -61 
* 474
fe=(105)
1339 19
fi=(120)
99 19
fe=(105)
1339 190
+1 95
+3 209
cfi=(92)
cfn=(1164) _IO_file_xsputn@@GLIBC_2.1
calls=19 -34 
* 758
* 38
2007 2
+45 3
cfi=(83)
cfn=(1198)
calls=1 2954 
* 16
* 54
cfi=(83)
cfn=(1198)
calls=18 2954 
* 288
cob=(1)
cfi=(61)
cfn=(344)
calls=1 29 
* 721
+1 57
cfi=(83)
cfn=(1198)
calls=19 2954 
* 304
+2 171
+1 57
+3 133
1298 36
+8 57
+10 19
-3 38
+30 57
+4 57
+4 198
259 18
-6 18
-3 18
1328 18
-8 18
216 36
1399 168
-3 21
-1 21
+1 21
-18 21
+1 21
+1 21
+1 21
+1 21
+1 21
+1 21
+1 21
+1 21
+1 21
+1 21
+3 21
+1 21
+7 105
2050 36
1630 21
+18 42
+8 21
fi=(120)
99 21
fe=(105)
1656 21
fi=(120)
99 63
cfi=(106)
cfn=(1162)
calls=21 -61 
* 630
fe=(105)
1660 42
fi=(120)
99 21
fe=(105)
1660 210
cfi=(92)
cfn=(1164)
calls=21 1309 
* 1970
* 168
+2 42
-12 36
-4 12
-17 1067
cfi=(92)
cfn=(1164)
calls=21 1309 
* 2291
* 365
cfi=(107) /build/buildd/eglibc-2.15/stdio-common/_itoa.c
cfn=(1166) _itoa_word
calls=21 175 
* 1000
* 845

fl=(54)
fn=(254) intel_check_word
163 84
cfi=(41)
cfn=(178)
calls=12 55 
* 24
* 12
+1 12
-1 12
+1 12
+8 12
-2 54
273 9
170 27
+14 60
+53 66
+21 2
+14 30
+1 240
cfi=(55)
cfn=(256)
calls=30 27 
* 5634
+2 60
+2 28
+14 10
+6 28
172 56
+2 60
+2 60
301 10
+1 72
-44 2
+34 6
-13 4
+2 4
+2 4

fn=(258)
145 196
+7 196
+1 196
-1 784
+3 378
+1 392

fn=(250)
552 5
cfi=(41)
cfn=(178)
calls=1 55 
* 2
* 2
+13 3
+7 2
+2 3
cfn=(252) handle_intel
calls=1 307 
* 2481
+4 1
-4 1
+4 2
cfn=(252)
calls=1 307 
* 2498
-1 1
+3 1
-2 1
+2 1
+11 2
+18 5
+7 9
+6 2
-6 12
+6 4
+3 15
+2 3
+6 5
+26 2
+12 4
+75 2
+2 2
+1 1
+2 1
-3 1
+4 3
+1 1
+3 2
+2 1
+1 1
-1 1
+3 1
-3 1
+4 2
+1 1
-1 1
+3 6
-93 5
-88 3
cfn=(252)
calls=1 307 
* 1911
-1 1
+1 2

fn=(252)
307 9
+6 3
-6 6
+1 6
+13 6
+1 6
+2 3
-5 6
+11 12
+5 3
-5 9
+5 3
+7 15
cfn=(254)
calls=3 163 
* 2763
+1 6
+3 15
cfn=(254)
calls=3 163 
* 2028
+1 6
+3 15
cfn=(254)
calls=3 163 
* 63
+1 6
+3 15
cfn=(254)
calls=3 163 
* 1840
+1 6
-31 5
+13 3
+1 3
-1 7
+22 3
+2 4
+3 15

fl=(92)
fn=(922) _IO_file_open
226 8
cfi=(41)
cfn=(178)
calls=1 55 
* 2
* 1
+4 3
-4 2
+4 1
-1 1
-3 2
+4 3
-1 1
+4 1
cfi=(93)
cfn=(924) open
calls=1 82 
* 14
* 1
+4 2
+3 2
+1 1
-1 1
-1 1
+1 2
+1 1
-1 1
+1 1
+7 2
cfi=(91)
cfn=(918)
calls=1 104 
* 19
+2 7

fn=(1168)
850 60
cfi=(41)
cfn=(178)
calls=12 55 
* 24
* 36
+1 12
-1 12
+1 24
+7 68
+35 24
+3 16
+3 16
+1 8
-1 16
+1 16
+1 16
+4 16
+1 72
-45 3
+12 2
+9 4
+5 1
+2 1
-2 1
+3 1
-6 1
+1 1
+1 1
+4 1
-1 1
+1 3
+1 2
+4 4
-1 4
+1 4
-1 12
cfn=(1182) _IO_do_write@@GLIBC_2.1
calls=4 514 
* 369
* 4
-31 2
cfi=(91)
cfn=(1170)
calls=1 419 
* 167
+1 6

fn=(1186) new_do_write
526 9
+2 3
-2 6
cfi=(41)
cfn=(178)
calls=3 55 
* 6
* 9
+2 3
-2 3
+2 3
+15 21
cfn=(1188) _IO_file_write@@GLIBC_2.1
calls=3 1282 
* 159
* 3
+1 9
+7 3
-4 3
+4 3
-4 9
+1 6
+3 3
-2 3
+4 21
-18 12
+9 6
+6 6

fn=(916) _IO_file_init@@GLIBC_2.1
148 5
cfi=(41)
cfn=(178)
calls=1 -93 
* 2
* 1
+5 1
-1 2
+3 2
cfi=(91)
cfn=(918)
calls=1 -51 
* 89
+2 1
-1 1
+1 3

fn=(920) _IO_file_fopen@@GLIBC_2.1
259 6
+11 1
-11 1
cfi=(41)
cfn=(178)
calls=1 55 
* 2
* 2
+11 2
+2 3
436 7
254 2
+43 11
+41 11
cfn=(922)
calls=1 226 
* 80
+3 1
-3 1
+3 1
+17 6
cfi=(94)
cfn=(928)
calls=1 53 
* 26
+1 1
-1 1
+1 1
-83 1
-16 1
+15 2

fn=(1164)
1309 61
+7 61
-7 244
cfi=(41)
cfn=(178)
calls=61 55 
* 122
* 183
+6 61
-6 61
+6 61
+7 220
+17 6
+32 24
cfn=(1168)
calls=4 850 
* 703
* 8
+7 24
+1 28
+2 16
+11 8
+1 6
cfi=(91)
cfn=(1184)
calls=1 452 
* 495
* 2
-50 138
+4 172
+15 129
-1 86
+1 135
-1 90
+2 86
-2 43
+2 43
+2 129
+2 172
+28 88
+1 366
-72 86
+1 43
-1 43
+1 86
+3 129
+2 169
-2 168
+2 132
+2 12
-4 80

fn=(1182)
514 4
+2 4
-2 8
+2 20
cfn=(1186)
calls=3 +10 
* 309
* 12
+1 12

fn=(1188)
1282 3
+2 3
-2 18
+2 12
+11 3
+1 3
-12 6
+5 24
cfi=(93)
cfn=(1190) write
calls=3 82 
* 42
* 3
+1 6
+9 12
+3 15
-18 9

fn=(1174)
1246 1
+2 7
cfi=(109)
cfn=(1176)
calls=1 46 
* 17
+4 2

fl=(42) /build/buildd/eglibc-2.15/csu/../sysdeps/x86_64/multiarch/init-arch.c
fn=(180) __init_cpu_features
45 1
+8 1
-8 2
cfi=(41)
cfn=(178)
calls=1 +10 
* 2
* 2
+8 3
+3 1
-11 2
+8 1
+3 5
+92 2
+22 1
-1 1
+1 1
+2 1
+1 3
-1 1
+1 3
32 5
+7 1
-1 1
+1 3
+26 1
-27 1
-6 1
+6 1
-6 1
+37 2
-37 1
+33 1
+4 1
-4 1
+5 1
-38 1
+33 1
+5 1
+5 1
+2 1
-2 1
+3 1
+1 4
+11 1
-32 1
+32 1

fl=(93)
fn=(924)
82 2
cfn=(926) __open_nocancel
calls=1 * 
* 12

fn=(1042) __read_nocancel
82 12
cob=(1)
cfi=(1)
cfn=(910)
calls=2 -82 
* 4
* 8

fn=(1192) __write_nocancel
82 18
cob=(1)
cfi=(1)
cfn=(910)
calls=3 -82 
* 6
* 12

fn=(1040)
82 4
cfn=(1042)
calls=2 * 
* 24

fn=(926)
82 6
cob=(1)
cfi=(1)
cfn=(910)
calls=1 -82 
* 2
* 4

fn=(1190)
82 6
cfn=(1192)
calls=3 * 
* 36

fl=(107)
fn=(1166)
175 84
+4 21
-4 21
cfi=(41)
cfn=(178)
calls=21 55 
* 42
* 84
+4 84
+7 46
+18 12
-8 130
-1 362
+9 114

fl=(88) /build/buildd/eglibc-2.15/malloc/morecore.c
fn=(904) __default_morecore
48 858
+1 2574
cfi=(89)
cfn=(906)
calls=858 -14 
* 54593
+2 2574
+2 1716

fl=(40)
fn=(176)
37 1
+3 1
cfi=(41)
cfn=(178)
calls=1 +15 
* 2
+1 1
+1 1
+1 1
+1 1
cfi=(42)
cfn=(180)
calls=1 +1 
* 69
+1 1
+1 1
+1 1
+1 1
+1 1
+3 1

fl=(82)
fn=(882)
68 3
cfi=(41)
cfn=(178)
calls=1 -13 
* 2
* 3
+11 1
-3 2
cfi=(83)
cfn=(890)
calls=1 2910 
* 69286
cob=(1)
cfi=(61)
cfn=(344)
calls=1 -47 
* 739
+2 1
-2 1
+2 1
+3 2
+3 8
cfi=(91)
cfn=(912)
calls=1 648 
* 67
+4 2
+1 2
cfi=(92)
cfn=(916)
calls=1 +59 
* 107
+4 8
cfi=(92)
cfn=(920)
calls=1 259 
* 170
+2 1
-2 2
+2 1
cfn=(930) __fopen_maybe_mmap
calls=1 -52 
* 10
* 1
+5 6

fn=(930)
43 3
cfi=(41)
cfn=(178)
calls=1 +12 
* 2
* 1
+2 2
+15 2

fl=(99)
fn=(1032)
34 4
cfi=(100)
cfn=(1034)
calls=2 +50 
* 4
* 2
+3 12
+7 2

fl=(83)
fn=(900) _int_malloc
3447 368250155
cfi=(41)
cfn=(178)
calls=52607165 55 
* 105214330
* 52607165
+30 52607165
-30 52607165
+30 420857320
+8 52607165
-8 52607165
+8 52607165
+1 157821489
+2 52607163
-2 52607163
+6 52607163
-4 52607163
+4 52607163
-5 26274758
+8 52549516
-8 26274758
+8 78824274
+1 26274758
-1 26274758
+1 52549516
+2 157648548
+8 26274758
+1 26274758
-1 26274758
+1 52549516
3930 183929305
3521 52664814
+1 52664812
+1 26332406
+2 26332406
-3 26332406
+3 52664812
+1 57208
+3 28603
+1 57206
+5 28603
+1 28603
+1 28603
+2 28603
-4 28603
+4 57206
3869 28625
-1 28625
+1 57250
+61 200375
3562 10
+1 2
+1 2
cfn=(902) malloc_consolidate
calls=1 4225 
* 793
3917 26303804
-2 26303804
+2 131519020
-2 52607608
+2 394557060
3602 26303804
3917 157822824
3602 52607608
-19 52609338
+65 29415
+1 88245
+1 29415
-2 29415
+47 205905
+7 29415
-6 29415
+1 29415
+1 29415
+1 29415
+3 29415
3583 79002252
+2 29458
-1 29458
+1 58916
+1 58916
+3 29458
+10 117832
+31 29458
+4 29458
-5 29458
+1 29458
+4 29458
+13 58830
-46 886
-1 1772
+1 46
+52 52609252
+58 52609252
+71 26304626
+4 26304626
-3 52609252
-1 26304626
+4 26304626
-3 26304626
+1 52609252
+1 52609252
+6 105218564
+2 315655236
+2 236741424
+8 43
+2 86
-3 160
+7 37
+3 74
+1 15
+1 15
-1 15
+2 15
-2 30
+60 15
+18 26304604
+1 78913812
+2 52609208
+17 3444
+1 1730
cfn=(902)
calls=865 4225 
* 1125789
+3 865
-1 865
+1 865
-1 865
3635 43
+1 43
-1 43
+1 86
3904 26302925
-1 26302925
+1 52605850
+26 184120475
3712 3
+3 3
3819 66
+3 22
-3 22
+3 22
+5 242
-3 44
+6 44
+13 22
+1 66
-6 44
+17 22
-6 22
+1 22
+2 22
-1 22
+4 22
+1 22
+1 44
+5 176
+2 44
-2 22
+2 22
+1 44
+31 26302882
+2 52605764
-3 26302882
+1 26302882
+2 26302882
-1 26302882
+1 78908646
+2 26302882
-2 105211528
+2 52606621
2370 857
+11 857
-11 3428
+1 857
+10 1714
+58 857
+9 857
-9 857
+9 857
-9 857
+9 7706
+6 2568
-6 2
+9 3428
2742 1714
+1 857
+5 1714
+3 1714
+2 857
+2 857
-3 857
+3 857
-2 857
+2 857
-1 857
+1 2571
+1 857
-1 1714
+3 857
-2 857
3925 6856
2507 1714
+19 857
-19 857
+8 857
-8 857
+19 857
-19 857
+19 857
-19 1714
+19 1714
+8 857
-8 857
+8 857
+1 4285
cfi=(88)
cfn=(904)
calls=857 48 
* 62280
+2 2571
-2 857
+2 857
+2 124
+1 124
+17 124
+26 2571
+1 1
+1 2
+6 1
-6 2
+6 1
-6 1712
+6 856
-6 1712
+6 2564
+1 305
-55 1590
+16 1590
+1 4
+3 3
+4 2
-4 2382
+4 1588
2732 2382
2594 4774
+40 5
+19 2
+3 2
+1 3
+2 2
+1 4
cfi=(88)
cfn=(904)
calls=1 48 
* 35
+12 2
-12 1
+12 1
+5 2
+1 2
+17 1
3926 1
2697 1
+1 1
-1 2
+1 1
+11 1
-13 1
+1 1
+1 1
+11 1
-12 795
+1 795
-1 1590
+1 795
+11 795
-13 795
+1 795
+1 795
+11 795
+6 1590
+1 1590
+15 795
-15 795
+8 795
+3 795
+4 795
+1 3176
cfn=(1262) _int_free
calls=794 3938 
* 52404
* 794
-37 3180
-70 2
+61 1590
+3 1590
2563 6360
cfi=(110)
cfn=(1178)
calls=795 35 
* 19875
+2 1590
-2 795
+2 795
+12 795
+5 1590
-13 3180

fn=(902)
4225 2598
+22 866
-22 2598
cfi=(41)
cfn=(178)
calls=866 55 
* 1732
* 2598
+22 2598
+1 2595
+2 865
+10 865
-10 865
+11 865
-1 865
+18 865
-17 865
+17 865
-15 2595
+1 1730
-1 23355
+1 23356
+21 1
+1 10
+4 29518
+4 29518
-3 29518
+1 29518
+2 29518
+5 88554
+1 29518
+1 29518
+1 29518
-2 29518
+11 117208
-41 28654
-3 28654
+3 57308
+4 28654
-3 28654
-4 28654
+5 57308
+2 28654
-4 864
-3 864
+3 1728
+4 864
-3 864
-4 864
+5 1728
+2 864
+1 82
+2 82
-1 82
+2 820
-6 59036
+9 59036
+3 59036
+4 59034
1913 127
+1 127
-2 127
+2 254
-2 127
+6 3
+5 2
+2 2
4320 6
-6 8650
-90 17300
+90 17300
+6 5190
1922 3

fn=(890)
2910 157821495
cfi=(41)
cfn=(178)
calls=52607165 55 
* 105214330
* 263035825
+5 105214330
+1 105214330
+3 157821492
+2 368250148
+3 157821492
cfn=(900)
calls=52607164 3447 
* 5579078133
+1 52607164
-1 52607164
+1 52607164
+20 210428656
+1 420857312
+3 368250155
-32 4
cfi=(84)
cfn=(892)
calls=1 30 
* 69259
* 2

fn=(891)
2910 3
cfi=(41)
cfn=(178)
calls=1 55 
* 2
* 5
+5 2
+1 2
+3 3
+2 7
+3 3
cfn=(900)
calls=1 3447 
* 1187
+1 1
-1 1
+1 1
+20 4
+1 8
+3 7

fn=(1262)
3938 184130226
+13 26304318
-13 52608636
cfi=(41)
cfn=(178)
calls=26304318 55 
* 52608636
* 26304318
+13 52608636
+6 78912954
-19 26304318
+19 26304318
+1 52608636
+10 52608636
+13 52608636
+11 105217272
+1 105217272
+24 78912954
+3 105217272
+1 52608636
+4 26304318
-3 26304318
+9 105217272
+5 52608636
+1 78844860
+1 26281620
+2 78844860
-2 22698
+2 78981048
+2 105171872
4208 157825902

fn=(1198)
2954 52607124
cfi=(41)
cfn=(178)
calls=26303562 55 
* 52607124
* 78910686
+5 52607124
+1 52607124
+5 52607124
+3 26303524
+2 78910572
+14 78910572
+1 26303524
+1 52607048
-1 26303524
cfn=(1262)
calls=26303524 3938 
* 1867440674
+1 114

fl=(68)
fn=(582)
46 8
cfi=(41)
cfn=(178)
calls=1 +9 
* 2
* 1
+12 2
+8 2
+3 5
+6 2
+1 1
+2 1
-2 4
-17 2
+17 2
281 7

ob=(8)
fl=(64)
fn=(494)
0 5
cfn=(496) 0x080499a2
calls=1 0 
0 2
0 5
cob=(2)
cfi=(15)
cfn=(498)
calls=1 0 
0 10
0 13
cfn=(502) 0x08048cd0
calls=1 0 
0 13
0 9

fn=(484)
0 13
cob=(3)
cfi=(65)
cfn=(492)
calls=1 96 
0 30043941242
cob=(1)
cfi=(61)
cfn=(344)
calls=1 29 
0 1288

fn=(502)
0 13

fn=(496)
0 2

fl=(112) /home/karen/GitHub/AI/src/node.cpp
fn=(1208) node::is_goal()
95 9159526
+4 27478578
+2 9159526

fn=(1206) node::node(unsigned int, unsigned int, unsigned char)
79 1
-2 1
+2 1
+9 1
-8 1
+1 1
+1 1
+6 1
+1 3

fn=(1238) node::node(node*, unsigned char)
42 157821408
+4 26303568
-4 52607136
+2 26303568
+2 26303568
+2 26303568
-3 26303568
+1 26303568
+2 52012496
+16 22141035
173 44282070
+1 6435425
+3 6435425
+6 6435425
-6 6435425
+6 6435425
-5 6435425
+5 12870850
+23 6435425
-23 6435425
68 6435425
208 6435425
72 6435425
-4 6435425
+1 12870850
207 19306275
+1 6435425
+1 6435425
72 6435425
207 12870850
-1 6435425
+2 12870850
-1 6435425
+1 6435425
+1 12870850
-32 19868143
+6 19868143
-6 19868143
+6 19868143
-5 19868143
+5 39736286
+23 19868143
-23 19868143
68 19868143
208 19868143
72 19868143
-4 19868143
+1 39736286
207 59604429
+1 19868143
+1 19868143
72 19868143
207 39736286
-1 19868143
+2 39736286
-1 19868143
+1 19868143
+1 39736286
+3 78910704
+1 52607136
74 157821408
-26 34736560
+12 8325066
+4 4162533
173 4162533
60 4162533
173 4162533
+3 39736286
51 12503181
+1 4167727
+5 27129642
+1 9043214
-4 26790282
+1 8930094

fn=(1216) node::print()
241 2
-58 1
+58 1
+1 1
-1 3
-67 8
+3 8
+6 8
-6 8
+65 8
-64 8
+5 16
fi=(103) /usr/include/i386-linux-gnu/bits/stdio2.h
-78 8
fe=(112)
+78 8
fi=(103)
-78 24
cob=(3)
cfi=(104)
cfn=(1158)
calls=8 -77 
* 5202
fe=(112)
+72 8
+6 8
-6 8
+65 8
-64 8
+5 16
fi=(103)
-78 8
fe=(112)
+78 8
fi=(103)
-78 24
cob=(3)
cfi=(104)
cfn=(1158)
calls=8 -77 
* 5202
fe=(112)
242 32
-69 32
+3 16
fi=(103)
-71 3
cob=(3)
cfi=(104)
cfn=(1158)
calls=1 -77 
* 497
fe=(112)
247 5

fn=(1212) node::get_value(int)
165 841714464
+8 841714464
+1 210428616
+3 1262571696
+6 210428616
-5 210428616
+5 631285848
+3 210428616
-9 1262571696
+6 210428616
-5 210428616
+5 631285848
+3 210428616
-10 420857232

fn=(1226) node::succ()
105 45797625
fi=(116) /usr/include/c++/4.7/bits/stl_list.h
387 9159525
+1 9159525
fe=(112)
107 27478575
fi=(115) /usr/include/c++/4.7/ext/new_allocator.h
-13 9159525
fe=(112)
+13 9159525
fi=(115)
-13 111548
cob=(7)
cfi=(60)
cfn=(948)
calls=111548 -94 
* 14501273
+16 223096
fi=(116)
+5 334644
1534 334644
cob=(7)
cfi=(60)
cfn=(1236)
calls=111548 0 
* 1003932
* 7237410
cob=(7)
cfi=(60)
cfn=(1236)
calls=2412470 0 
* 21712230
* 3044416
cob=(7)
cfi=(60)
cfn=(1236)
calls=1522208 0 
* 13699872
fe=(112)
247 4046226
fi=(115)
94 8092452
cob=(7)
cfi=(60)
cfn=(948)
calls=4046226 -94 
* 526022949
+16 8092452
fi=(116)
+5 12138678
1534 12138678
cob=(7)
cfi=(60)
cfn=(1236)
calls=4046226 0 
* 36416034
* 220806
cob=(7)
cfi=(60)
cfn=(1236)
calls=73602 0 
* 662418
* 85410
cob=(7)
cfi=(60)
cfn=(1236)
calls=42705 0 
* 384345
fe=(112)
247 4162533
fi=(115)
94 8325066
cob=(7)
cfi=(60)
cfn=(948)
calls=4162533 -94 
* 541158095
+16 8325066
fi=(116)
+5 12487599
1534 12487599
cob=(7)
cfi=(60)
cfn=(1236)
calls=4162533 0 
* 37462797
* 14990976
cob=(7)
cfi=(60)
cfn=(1236)
calls=4996992 0 
* 44972928
fe=(112)
161 45797625
fi=(115)
-67 17979
cob=(7)
cfi=(60)
cfn=(948)
calls=17979 -94 
* 2337273
+16 35958
fi=(116)
+5 53937
1534 85410
fi=(115)
94 2554591
cob=(7)
cfi=(60)
cfn=(948)
calls=2554591 -94 
* 332106164
+16 5109182
fi=(116)
+5 7663773
1534 7663773
cob=(7)
cfi=(60)
cfn=(1236)
calls=2554591 0 
* 22991319
* 299688
cob=(7)
cfi=(60)
cfn=(1236)
calls=99896 0 
* 899064
* 4685010
cob=(7)
cfi=(60)
cfn=(1236)
calls=2342505 0 
* 21082545
fe=(112)
247 4996992
fi=(115)
94 9993984
cob=(7)
cfi=(60)
cfn=(948)
calls=4996992 -94 
* 649636939
+16 9993984
fi=(116)
+5 19987968
fi=(115)
-21 2412470
cob=(7)
cfi=(60)
cfn=(948)
calls=2412470 -94 
* 313624147
+16 4824940
fi=(116)
+5 9649880
fi=(115)
-21 24726
cob=(7)
cfi=(60)
cfn=(948)
calls=24726 -94 
* 3214380
+16 49452
fi=(116)
+5 98904
fi=(115)
-21 2342505
cob=(7)
cfi=(60)
cfn=(948)
calls=2342505 -94 
* 304533735
+16 4685010
fi=(116)
+5 7027515
1534 7027515
cob=(7)
cfi=(60)
cfn=(1236)
calls=2342505 0 
* 21082545
fe=(112)
247 2342505
fi=(115)
94 4685010
cob=(7)
cfi=(60)
cfn=(948)
calls=2342505 -94 
* 304535814
+16 4685010
fi=(116)
+5 7027515
1534 4685010
fi=(115)
94 1522208
cob=(7)
cfi=(60)
cfn=(948)
calls=1522208 -94 
* 197889451
+16 3044416
fi=(116)
+5 4566624
1534 4566624
cob=(7)
cfi=(60)
cfn=(1236)
calls=1522208 0 
* 13699872
cob=(1)
cfi=(61)
cfn=(344)
calls=1 29 
* 1459
fe=(112)
247 1522208
fi=(115)
94 3044416
cob=(7)
cfi=(60)
cfn=(948)
calls=1522208 -94 
* 197890715
+16 3044416
fi=(116)
+5 4566624
1534 3044416
fi=(115)
94 73602
cob=(7)
cfi=(60)
cfn=(948)
calls=73602 -94 
* 9568263
+16 147204
fi=(116)
+5 220806
1534 220806
cob=(7)
cfi=(60)
cfn=(1236)
calls=73602 0 
* 662418
fe=(112)
247 73602
fi=(115)
94 147204
cob=(7)
cfi=(60)
cfn=(948)
calls=73602 -94 
* 9568278
+16 147204
fi=(116)
+5 294408
fi=(115)
-21 99896
cob=(7)
cfi=(60)
cfn=(948)
calls=99896 -94 
* 12986495
+16 199792
fi=(116)
+5 399584
fe=(112)

fl=(118) /usr/include/c++/4.7/bits/list.tcc
fn=(1250) std::_List_base<unsigned char, std::allocator<unsigned char> >::_M_clear()
66 352280660
+4 88070165
+1 185299835
+3 9159505
fi=(115)
+26 18319010
cob=(7)
cfi=(60)
cfn=(1256)
calls=9159505 0 
* 998277575
cob=(1)
cfi=(61)
cfn=(344)
calls=1 -71 
* 822
fe=(118)
-26 17144019
fi=(115)
+26 34288038
cob=(7)
cfi=(60)
cfn=(1256)
calls=17144019 0 
* 1868698058
fe=(118)
-29 26303523
+3 26303523
-3 26303523
+11 352280656

fl=(113) /home/karen/GitHub/AI/src/pdb.cpp
fn=(1210) pdb(node*)
5 6
+2 3
cfi=(112)
cfn=(1212)
calls=1 165 
* 18
* 4
cfi=(112)
cfn=(1212)
calls=1 165 
* 18
* 4
cfi=(112)
cfn=(1212)
calls=1 165 
* 18
* 4
cfi=(112)
cfn=(1212)
calls=1 165 
* 18
* 8
+2 2
-2 1
+2 1
cfi=(112)
cfn=(1212)
calls=1 165 
* 18
* 4
cfi=(112)
cfn=(1212)
calls=1 165 
* 18
* 5
cfi=(112)
cfn=(1212)
calls=1 165 
* 18
* 6
cfi=(112)
cfn=(1212)
calls=1 165 
* 18
* 2
+2 2
-2 2
+1 2
+1 1
cfi=(112)
cfn=(1212)
calls=1 165 
* 17
* 4
cfi=(112)
cfn=(1212)
calls=1 165 
* 17
* 5
cfi=(112)
cfn=(1212)
calls=1 165 
* 17
* 6
cfi=(112)
cfn=(1212)
calls=1 165 
* 17
* 2
+2 2
-2 2
+1 2
+1 1
cfi=(112)
cfn=(1212)
calls=1 165 
* 17
* 4
cfi=(112)
cfn=(1212)
calls=1 165 
* 17
* 5
cfi=(112)
cfn=(1212)
calls=1 165 
* 17
* 6
cfi=(112)
cfn=(1212)
calls=1 165 
* 17
* 4
+1 1
+3 6

fl=(114) /home/karen/GitHub/AI/src/search.cpp
fn=(1224) search::bonded_dfs(node*, int, int, int (*)(node*))
91 30
+1 30
cfn=(1214) manhattan(node*)
calls=6 -68 
* 2724
* 6
+3 6
fi=(116)
387 12
+1 6
fe=(114)
95 6
fi=(116)
436 10
-57 5
cfi=(118)
cfn=(1250)
calls=5 66 
* 55
fe=(114)
126 35
-23 18
cfi=(112)
cfn=(1208)
calls=6 -8 
* 30
* 12
+8 36
cfi=(112)
cfn=(1226)
calls=6 -6 
* 5523
* 6
+2 18
+4 12
fi=(116)
436 20
-57 20
cfi=(118)
cfn=(1250)
calls=20 66 
* 220
236 20
fe=(114)
113 40
+2 21
+1 42
cob=(7)
cfi=(60)
cfn=(948)
calls=21 0 
* 4662
* 147
cfi=(112)
cfn=(1238)
calls=21 -74 
* 1414
+1 252
cfn=(1225) search::bonded_dfs(node*, int, int, int (*)(node*))'2
calls=21 -26 
* 30043698199
* 20
+1 40
fi=(116)
436 10
-57 5
cfi=(118)
cfn=(1250)
calls=5 66 
* 2360
* 5
+8 10
+1 5
-1 5
+1 5
-15 15
cob=(7)
cfi=(60)
cfn=(1246)
calls=5 0 
* 55
fi=(117) /home/karen/GitHub/AI/src/search.h
12 15
fi=(116)
436 5
-57 5
cfi=(118)
cfn=(1250)
calls=5 66 
* 55
* 5
fe=(114)

fn=(1225)
91 131517840
+1 131517840
cfn=(1214)
calls=26303568 -68 
* 11941819872
* 26303568
+3 26303568
fi=(116)
387 52607136
+1 26303568
fe=(114)
95 26303568
fi=(116)
387 17144049
-14 17144049
+14 34288098
+1 17144049
-1 17144049
+1 17144049
-15 34288098
fe=(114)
99 17144049
fi=(116)
373 17144049
cob=(7)
cfi=(60)
cfn=(1246)
calls=17144049 0 
* 188584539
cob=(1)
cfi=(61)
cfn=(344)
calls=1 29 
* 1467
fi=(117)
12 51432147
fi=(116)
436 17144049
-57 17144049
cfi=(118)
cfn=(1250)
calls=17144049 66 
* 188584539
+57 52607096
-57 26303548
cfi=(118)
cfn=(1250)
calls=26303548 66 
* 289339028
fe=(114)
126 184124836
-23 27478557
cfi=(112)
cfn=(1208)
calls=9159519 -8 
* 45797595
* 18319038
+8 54957114
cfi=(112)
cfn=(1226)
calls=9159519 -6 
* 4094549706
* 9159519
+2 27478557
+4 18319038
fi=(116)
436 26303528
-57 26303528
cfi=(118)
cfn=(1250)
calls=26303528 66 
* 289338808
236 26303528
fe=(114)
113 52607056
+2 26303547
+1 52607094
cob=(7)
cfi=(60)
cfn=(948)
calls=26303547 0 
* 5841999885
* 184124829
cfi=(112)
cfn=(1238)
calls=26303547 -74 
* 1759578036
+1 315642564
cfn=(1225)
calls=26303547 -26 
* 621162505691
* 26303528
+1 52607056
fi=(116)
436 18319000
-57 9159500
cfi=(118)
cfn=(1250)
calls=9159500 66 
* 3134709292
* 9159499
+8 18319000
+1 9159500
-1 9159500
+1 9159500
-15 27478500
cob=(7)
cfi=(60)
cfn=(1246)
calls=9159500 0 
* 100754500
fi=(117)
12 27478500
fi=(116)
436 9159500
-57 9159500
cfi=(118)
cfn=(1250)
calls=9159500 66 
* 100754500
* 9159500
fe=(114)

fn=(1214)
24 52607152
+1 26303576
-1 26303576
+2 26303576
-2 78910728
+6 78910728
cfi=(112)
cfn=(1212)
calls=26303576 165 
* 473464368
* 1183660920
cfi=(112)
cfn=(1212)
calls=394553640 165 
* 6891536912
+1 420857216
-5 420857216
+5 1262571648
-5 841714432
+8 157821456

fn=(1222) search::ida_star(node*, int (*)(node*))
75 7
+1 2
cfn=(1214)
calls=1 -52 
* 454
+1 1
-1 1
+1 3
+7 5
fi=(116)
436 5
-57 5
cfi=(118)
cfn=(1250)
calls=5 66 
* 55
fe=(114)
77 10
+2 48
cfn=(1224)
calls=6 +12 
* 30043716257
* 5
fi=(116)
850 5
fe=(114)
80 10

fn=(1220) search::search()
36 1

fl=(67)
fn=(512)
9 11
+1 2
-1 3
+1 4
cob=(7)
cfi=(60)
cfn=(518)
calls=1 -10 
* 165262
cob=(1)
cfi=(61)
cfn=(344)
calls=1 +19 
* 1781
+4 4
fi=(121) /usr/include/c++/4.7/bits/basic_string.h
272 1
fe=(67)
14 1
cob=(7)
cfi=(60)
cfn=(964)
calls=1 -14 
* 16504
cob=(1)
cfi=(61)
cfn=(344)
calls=1 +15 
* 2005
* 1
+48 1
fi=(122) /usr/include/c++/4.7/bits/basic_ios.h
+52 2
fe=(67)
-96 6
cob=(7)
cfi=(60)
cfn=(1082)
calls=1 -18 
* 5692
cob=(1)
cfi=(61)
cfn=(344)
calls=1 +11 
* 1941
* 5
+5 4
cob=(7)
cfi=(60)
cfn=(1106)
calls=1 -23 
* 3003
cob=(1)
cfi=(61)
cfn=(344)
calls=1 +6 
* 885
* 64
cob=(7)
cfi=(60)
cfn=(1106)
calls=16 -23 
* 7200
* 17
+39 17
fi=(122)
+52 34
fi=(103)
-9 7
cob=(3)
cfi=(104)
cfn=(1158)
calls=1 -77 
* 2859
cob=(1)
cfi=(61)
cfn=(344)
calls=1 -76 
* 1184
fe=(67)
-69 2
cob=(7)
cfi=(60)
cfn=(948)
calls=1 -36 
* 222
cob=(1)
cfi=(61)
cfn=(344)
calls=1 -7 
* 806
* 9
cfi=(112)
cfn=(1206)
calls=1 +43 
* 11
+1 2
cfi=(112)
cfn=(1208)
calls=1 +58 
* 5
* 3
cfi=(113)
cfn=(1210)
calls=1 -32 
* 387
* 3
cfi=(114)
cfn=(1214)
calls=1 -13 
* 454
fi=(103)
+68 6
cob=(3)
cfi=(104)
cfn=(1158)
calls=1 -77 
* 2079
fe=(67)
-67 2
cfi=(112)
cfn=(1216)
calls=1 241 
* 11197
+5 2
cob=(7)
cfi=(60)
cfn=(948)
calls=1 -43 
* 222
* 3
cfi=(114)
cfn=(1220)
calls=1 -7 
* 1
+1 6
cfi=(114)
cfn=(1222)
calls=1 +31 
* 30043716873
-19 16
-17 80
+20 32
-20 8
+21 16
+4 32
-25 8
+23 24

ob=(5)
fl=(57)
fn=(276)
0 5
cfi=(58) /build/buildd/eglibc-2.15/math/../sysdeps/i386/fpu/s_cbrt.S
cfn=(268) 0x00004747
calls=1 94 
0 2
0 8

fn=(266)
0 4
cfi=(58)
cfn=(268)
calls=1 94 
0 2
0 9

fl=(58)
fn=(268)
94 4

ob=(6)
fl=(59)
fn=(288)
0 6
cfn=(290) 0x0000263b
calls=1 0 
0 2
0 25
cfn=(292) 0x00002210
calls=1 0 
0 43
0 15
cfn=(292)
calls=1 0 
0 43
0 38
cfn=(298) 0x00002150
calls=1 0 
0 63
0 6

fn=(290)
0 8

fn=(298)
0 9
cfn=(290)
calls=1 0 
0 2
0 52

fn=(292)
0 86

fn=(304)
0 4
cfn=(290)
calls=1 0 
0 2
0 19
cfn=(290)
calls=1 0 
0 2
0 9

totals: 30045326023
