<id> : <instance> : <# generated nodes> <time-in-secs> <#gen/sec>
001 : 7 15 8 2 13 6 3 12 11 0 4 10 9 5 1 14 : 95071 : 0.623000 : 152601.921875
002 : 14 13 15 7 11 12 9 5 6 0 2 1 4 8 10 3 : 3380017 : 23.134001 : 146106.031250
003 : 13 5 4 10 9 12 8 14 2 3 7 1 0 15 11 6 : 775083 : 4.539000 : 170760.734375
004 : 14 7 8 2 13 11 10 4 9 12 5 0 3 6 1 15 : 7760976 : 56.689999 : 136902.031250
005 : 5 12 10 7 15 11 14 0 8 2 1 13 3 4 9 6 : 333102 : 1.981000 : 168148.421875
006 : 4 7 14 13 10 3 9 12 11 5 6 15 1 2 8 0 : 494396 : 2.916000 : 169545.953125
007 : 14 7 1 9 12 3 6 15 8 11 2 5 10 0 4 13 : 56226 : 0.405000 : 138829.625000
008 : 2 11 15 5 13 4 6 7 12 8 10 1 9 3 14 0 : 1827157 : 11.590000 : 157649.437500
009 : 12 11 15 3 8 0 4 2 6 13 9 5 14 1 10 7 : 162332 : 1.013000 : 160248.765625
010 : 3 14 9 11 5 4 8 2 13 12 6 7 10 1 15 0 : 28014 : 0.218000 : 128504.593750
011 : 13 11 8 9 0 15 7 10 4 3 6 14 5 12 2 1 : 3333106 : 20.513000 : 162487.484375
012 : 5 9 13 14 6 3 7 12 10 8 4 0 15 2 11 1 : 919006 : 5.616000 : 163640.671875
013 : 14 1 9 6 4 8 12 5 7 2 3 0 10 11 13 15 : 6615 : 0.155000 : 42677.417969
014 : 3 6 5 2 10 0 15 14 1 4 13 12 9 8 11 7 : 67076 : 0.406000 : 165211.828125
015 : 7 6 8 1 11 5 14 10 3 4 9 13 15 2 0 12 : 648762 : 3.681000 : 176246.125000
016 : 13 11 4 12 1 8 9 15 6 5 14 2 7 3 10 0 : 7265142 : 46.036999 : 157810.937500
017 : 1 3 2 5 10 9 15 6 8 14 13 11 12 4 7 0 : 128991 : 0.795000 : 162252.828125
018 : 15 14 0 4 11 1 6 13 7 5 8 9 3 2 10 12 : 5352782 : 34.210999 : 156463.781250
019 : 6 0 14 12 1 15 9 10 11 4 7 2 8 3 5 13 : 148387 : 0.889000 : 166914.515625
020 : 7 11 8 3 14 0 6 15 1 4 13 9 5 12 2 10 : 26397 : 0.187000 : 141160.421875
021 : 6 12 11 3 13 7 9 15 2 14 8 10 4 1 5 0 : 231951 : 1.372000 : 169060.500000
022 : 12 8 14 6 11 4 7 0 5 1 10 15 3 13 9 2 : 3352064 : 24.257999 : 138183.859375
023 : 14 3 9 1 15 8 4 5 11 7 10 13 0 2 12 6 : 2853986 : 19.313000 : 147775.390625
024 : 10 9 3 11 0 13 2 14 5 6 4 7 8 15 1 12 : 113442 : 0.671000 : 169064.078125
025 : 7 3 14 13 4 1 10 8 5 12 9 11 2 15 6 0 : 3011616 : 18.549000 : 162360.015625
026 : 11 4 2 7 1 0 10 15 6 9 14 8 3 13 5 12 : 1541766 : 9.889000 : 155907.171875
027 : 5 7 3 12 15 13 14 8 0 10 9 6 1 4 2 11 : 7375357 : 65.863998 : 111978.578125
028 : 14 1 8 15 2 6 0 3 9 12 10 13 4 7 5 11 : 1859250 : 11.607000 : 160183.500000
029 : 13 14 6 12 4 5 1 0 9 3 10 2 15 11 8 7 : 48956 : 0.343000 : 142728.859375
030 : 9 8 0 2 15 1 4 14 3 10 7 5 11 13 6 12 : 922666 : 5.553000 : 166156.312500
031 : 12 15 2 6 1 14 4 8 5 3 7 0 10 13 9 11 : 61031 : 0.421000 : 144966.750000
032 : 12 8 15 13 1 0 5 4 6 3 2 11 9 7 14 10 : 12516 : 0.140000 : 89400.000000
033 : 14 10 9 4 13 6 5 8 2 12 7 0 1 3 11 15 : 10554861 : 76.050003 : 138788.437500
034 : 14 3 5 15 11 6 13 9 0 10 2 12 4 1 7 8 : 474080 : 2.885000 : 164325.828125
035 : 6 11 7 8 13 2 5 4 1 10 3 9 14 0 12 15 : 224112 : 1.264000 : 177303.796875
036 : 1 6 12 14 3 2 15 8 4 5 13 9 0 7 11 10 : 1002054 : 5.850000 : 171291.281250
037 : 12 6 0 4 7 3 15 1 13 9 8 11 2 14 5 10 : 209059 : 1.217000 : 171782.250000
038 : 8 1 7 12 11 0 10 5 9 15 6 13 14 2 3 4 : 722187 : 3.931000 : 183715.843750
039 : 9 0 4 10 1 14 15 3 12 6 5 7 11 13 8 2 : 452103 : 2.824000 : 160093.140625
040 : 11 5 1 14 4 12 10 0 2 7 13 3 9 15 6 8 : 993465 : 6.068000 : 163721.984375
041 : 8 13 10 9 11 3 15 6 0 1 2 14 12 5 4 7 : 2839514 : 18.127001 : 156645.546875
042 : 4 5 7 2 9 14 12 13 0 3 6 11 8 1 15 10 : 5753 : 0.109000 : 52779.816406
043 : 11 15 14 13 1 9 10 4 3 6 2 12 7 5 8 0 : 1018011 : 6.942000 : 146645.203125
044 : 12 9 0 6 8 3 5 14 2 4 11 7 10 1 15 13 : 231242 : 1.358000 : 170281.296875
045 : 3 14 9 7 12 15 0 4 1 8 5 6 11 10 2 13 : 84288 : 0.514000 : 163984.437500
046 : 8 4 6 1 14 12 2 15 13 10 9 5 3 7 0 11 : 413014 : 2.465000 : 167551.328125
047 : 6 10 1 14 15 8 3 5 13 0 2 7 4 9 11 12 : 11516 : 0.126000 : 91396.820312
048 : 8 11 4 6 7 3 10 9 2 12 15 13 0 1 5 14 : 29280 : 0.202000 : 144950.484375
049 : 10 0 2 4 5 1 6 12 11 13 9 7 15 3 14 8 : 7642566 : 50.903999 : 150136.843750
050 : 12 5 13 11 2 10 0 9 7 8 4 3 14 6 15 1 : 182064 : 1.076000 : 169204.468750
051 : 10 2 8 4 15 0 1 14 11 13 3 6 9 7 5 12 : 488894 : 2.979000 : 164113.453125
052 : 10 8 0 12 3 7 6 2 1 14 4 11 15 13 9 5 : 974525 : 5.725000 : 170222.703125
053 : 14 9 12 13 15 4 8 10 0 2 1 7 3 11 5 6 : 11193054 : 78.795998 : 142051.046875
054 : 12 11 0 8 10 2 13 15 5 4 7 3 6 9 14 1 : 1903720 : 11.902000 : 159949.578125
055 : 13 8 14 3 9 1 0 7 15 5 4 10 12 2 6 11 : 13249 : 0.141000 : 93964.539062
056 : 3 15 2 5 11 6 4 7 12 9 1 0 13 14 10 8 : 883290 : 5.132000 : 172114.187500
057 : 5 11 6 9 4 13 12 0 8 2 15 10 1 7 3 14 : 46687 : 0.297000 : 157195.296875
058 : 5 0 15 8 4 6 1 14 10 11 3 9 7 12 2 13 : 52022 : 0.343000 : 151667.640625
059 : 15 14 6 7 10 1 0 11 12 8 4 9 2 5 13 3 : 15822495 : 141.195999 : 112060.507812
060 : 11 14 13 1 2 3 12 4 15 7 9 5 10 6 8 0 : 7291869 : 54.632000 : 133472.484375
061 : 6 13 3 2 11 9 5 10 1 7 12 14 8 4 0 15 : 73794 : 0.499000 : 147883.765625
062 : 4 6 12 0 14 2 9 13 11 8 3 15 7 10 1 5 : 642570 : 3.837000 : 167466.781250
063 : 8 10 9 11 14 1 7 15 13 4 0 12 6 2 5 3 : 948307 : 5.351000 : 177220.531250
064 : 5 2 14 0 7 8 6 3 11 12 13 15 4 10 9 1 : 972730 : 6.130000 : 158683.515625
065 : 7 8 3 2 10 12 4 6 11 13 5 15 0 1 9 14 : 80552 : 0.453000 : 177818.984375
066 : 11 6 14 12 3 5 1 15 8 0 10 13 9 7 4 2 : 5154654 : 31.746000 : 162371.765625
067 : 7 1 2 4 8 3 6 11 10 15 0 5 14 12 13 9 : 1796672 : 13.370000 : 134380.859375
068 : 7 3 1 13 12 10 5 2 8 0 6 11 14 15 4 9 : 336441 : 1.997000 : 168473.218750
069 : 6 0 5 15 1 14 4 9 2 13 8 10 11 12 7 3 : 948959 : 5.632000 : 168494.140625
070 : 15 1 3 12 4 0 6 5 2 8 14 9 13 10 7 11 : 485245 : 2.948000 : 164601.421875
071 : 5 7 0 11 12 1 9 10 15 6 2 3 8 4 13 14 : 30287 : 0.218000 : 138931.203125
072 : 12 15 11 10 4 5 14 0 13 7 1 2 9 8 3 6 : 7065791 : 48.063999 : 147007.968750
073 : 6 14 10 5 15 8 7 1 3 4 2 0 12 9 11 13 : 39420 : 0.296000 : 133175.671875
074 : 14 13 4 11 15 8 6 9 0 7 3 1 2 10 12 5 : 130273 : 0.811000 : 160632.546875
075 : 14 4 0 10 6 5 1 3 9 2 13 15 12 7 8 11 : 483061 : 2.809000 : 171969.031250
076 : 15 10 8 3 0 6 9 5 1 14 13 11 7 2 12 4 : 3954379 : 29.139999 : 135702.781250
077 : 0 13 2 4 12 14 6 9 15 1 10 3 11 5 8 7 : 211284 : 1.264000 : 167155.062500
078 : 3 14 13 6 4 15 8 9 5 12 10 0 2 7 1 11 : 655262 : 3.931000 : 166690.921875
079 : 0 1 9 7 11 13 5 3 14 12 4 2 8 6 10 15 : 13764 : 0.140000 : 98314.289062
080 : 11 0 15 8 13 12 3 5 10 1 4 6 14 9 7 2 : 766737 : 4.710000 : 162789.171875
081 : 13 0 9 12 11 6 3 5 15 8 1 10 4 14 2 7 : 23705 : 0.203000 : 116773.406250
082 : 14 10 2 1 13 9 8 11 7 3 6 12 15 5 4 0 : 31201213 : 241.348999 : 129278.398438
083 : 12 3 9 1 4 5 10 2 6 11 15 0 14 7 13 8 : 89018 : 0.561000 : 158677.359375
084 : 15 8 10 7 0 12 14 1 5 9 6 3 13 11 4 2 : 970098 : 5.866000 : 165376.406250
085 : 4 7 13 10 1 2 9 6 12 8 14 5 3 0 11 15 : 142325 : 0.858000 : 165879.953125
086 : 6 0 5 10 11 12 9 2 1 7 4 3 14 8 13 15 : 12315 : 0.125000 : 98520.000000
087 : 9 5 11 10 13 0 2 1 8 6 14 12 4 7 3 15 : 248800 : 1.450000 : 171586.203125
088 : 15 2 12 11 14 13 9 5 1 3 8 7 0 10 6 4 : : 29525100 : 210.789001 : 140069.453125
089 : 11 1 7 4 10 13 3 8 9 14 0 15 6 5 2 12 : : 484812 : 2.948000 : 164454.546875
090 : 5 4 7 1 11 12 14 15 10 13 8 6 2 0 9 3 : : 217692 : 1.372000 : 158667.640625
091 : 9 7 5 2 14 15 12 10 11 3 6 1 8 13 0 4 : : 4144932 : 26.926001 : 153937.906250
092 : 3 2 7 9 0 15 12 4 6 11 5 14 8 13 10 1 : : 1558475 : 8.986000 : 173433.671875
093 : 13 9 14 6 12 8 1 2 3 4 0 7 5 10 11 15 : : 185981 : 1.123000 : 165610.859375
094 : 5 7 11 8 0 14 9 13 10 12 3 15 6 1 4 2 : : 32414 : 0.234000 : 138521.375000
095 : 4 3 6 13 7 15 9 0 10 5 8 11 2 12 1 14 : : 845852 : 5.054000 : 167362.890625
096 : 1 7 15 14 2 6 4 9 12 11 13 3 0 8 5 10 : : 187011 : 1.108000 : 168782.484375
097 : 9 14 5 7 8 15 1 2 10 4 13 6 12 0 11 3 : : 14901 : 0.140000 : 106435.710938
098 : 0 11 3 12 5 2 1 9 8 10 14 15 7 4 13 6 : : 743846 : 4.228000 : 175933.296875
099 : 7 15 4 0 10 9 2 5 12 11 13 6 1 3 14 8 : : 1358397 : 9.999000 : 135853.296875
100 : 11 4 0 8 6 10 5 13 12 7 14 3 1 2 9 15 : : 765839 : 4.384000 : 174689.562500
