<id> : <instance> : <# generated nodes> <time-in-secs> <#gen/sec>
001 : 7 15 8 2 13 6 3 12 11 0 4 10 9 5 1 14 : 11556701 : 29.156000 : 396374.718750
002 :
003 : 13 5 4 10 9 12 8 14 2 3 7 1 0 15 11 6 : 14671951 : 38.265999 : 383420.031250
004 :
005 : 
006 : 4 7 14 13 10 3 9 12 11 5 6 15 1 2 8 0 : 22728828 : 60.653000 : 374735.437500
007 : 14 7 1 9 12 3 6 15 8 11 2 5 10 0 4 13 : : 27176250 : 114.518997 : 237307.781250
008 :
009 :
010 : 3 14 9 11 5 4 8 2 13 12 6 7 10 1 15 0 : : 2890010 : 6.146000 : 470226.156250
011 :  